  1  43
  1  44
  1   2
  2  44
  2  45
  2   3
  3  45
  3  46
  3   4
  4  46
  4  47
  4   5
  5  47
  5  48
  5   6
  6  48
  6  49
  6   7
  7  49
  7  50
  7   8
  8  50
  8  51
  8   9
  9  51
  9  52
  9  10
 10  52
 10  53
 10  11
 11  53
 11  54
 11  12
 12  54
 12  55
 12  13
 13  55
 13  56
 13  14
 14  56
 14  57
 14  15
 15  57
 15  58
 15  16
 16  58
 16  59
 16  17
 17  59
 17  60
 17  18
 18  60
 18  61
 18  19
 19  61
 19  62
 19  20
 20  62
 20  63
 20  21
 21  63
 21  64
 21  22
 22  64
 22  65
 22  23
 23  65
 23  66
 23  24
 24  66
 24  67
 24  25
 25  67
 25  68
 25  26
 26  68
 26  69
 26  27
 27  69
 27  70
 27  28
 28  70
 28  71
 28  29
 29  71
 29  72
 29  30
 30  72
 30  73
 30  31
 31  73
 31  74
 31  32
 32  74
 32  75
 32  33
 33  75
 33  76
 33  34
 34  76
 34  77
 34  35
 35  77
 35  78
 35  36
 36  78
 36  79
 36  37
 37  79
 37  80
 37  38
 38  80
 38  81
 38  39
 39  81
 39  82
 39  40
 40  82
 40  83
 40  41
 41  83
 41  84
 41  42
 42  84
 43  85
 43  44
 44  85
 44  86
 44  45
 45  86
 45  87
 45  46
 46  87
 46  88
 46  47
 47  88
 47  89
 47  48
 48  89
 48  90
 48  49
 49  90
 49  91
 49  50
 50  91
 50  92
 50  51
 51  92
 51  93
 51  52
 52  93
 52  94
 52  53
 53  94
 53  95
 53  54
 54  95
 54  96
 54  55
 55  96
 55  97
 55  56
 56  97
 56  98
 56  57
 57  98
 57  99
 57  58
 58  99
 58 100
 58  59
 59 100
 59 101
 59  60
 60 101
 60 102
 60  61
 61 102
 61 103
 61  62
 62 103
 62 104
 62  63
 63 104
 63 105
 63  64
 64 105
 64 106
 64  65
 65 106
 65 107
 65  66
 66 107
 66 108
 66  67
 67 108
 67 109
 67  68
 68 109
 68 110
 68  69
 69 110
 69 111
 69  70
 70 111
 70 112
 70  71
 71 112
 71 113
 71  72
 72 113
 72 114
 72  73
 73 114
 73 115
 73  74
 74 115
 74 116
 74  75
 75 116
 75 117
 75  76
 76 117
 76 118
 76  77
 77 118
 77 119
 77  78
 78 119
 78 120
 78  79
 79 120
 79 121
 79  80
 80 121
 80 122
 80  81
 81 122
 81 123
 81  82
 82 123
 82 124
 82  83
 83 124
 83 125
 83  84
 84 125
 84 126
 85 127
 85 128
 85  86
 86 128
 86 129
 86  87
 87 129
 87 130
 87  88
 88 130
 88 131
 88  89
 89 131
 89 132
 89  90
 90 132
 90 133
 90  91
 91 133
 91 134
 91  92
 92 134
 92 135
 92  93
 93 135
 93 136
 93  94
 94 136
 94 137
 94  95
 95 137
 95 138
 95  96
 96 138
 96 139
 96  97
 97 139
 97 140
 97  98
 98 140
 98 141
 98  99
 99 141
 99 142
 99 100
100 142
100 143
100 101
101 143
101 144
101 102
102 144
102 145
102 103
103 145
103 146
103 104
104 146
104 147
104 105
105 147
105 148
105 106
106 148
106 149
106 107
107 149
107 150
107 108
108 150
108 151
108 109
109 151
109 152
109 110
110 152
110 153
110 111
111 153
111 154
111 112
112 154
112 155
112 113
113 155
113 156
113 114
114 156
114 157
114 115
115 157
115 158
115 116
116 158
116 159
116 117
117 159
117 160
117 118
118 160
118 161
118 119
119 161
119 162
119 120
120 162
120 163
120 121
121 163
121 164
121 122
122 164
122 165
122 123
123 165
123 166
123 124
124 166
124 167
124 125
125 167
125 168
125 126
126 168
127 169
127 128
128 169
128 170
128 129
129 170
129 171
129 130
130 171
130 172
130 131
131 172
131 173
131 132
132 173
132 174
132 133
133 174
133 175
133 134
134 175
134 176
134 135
135 176
135 177
135 136
136 177
136 178
136 137
137 178
137 179
137 138
138 179
138 180
138 139
139 180
139 181
139 140
140 181
140 182
140 141
141 182
141 183
141 142
142 183
142 184
142 143
143 184
143 185
143 144
144 185
144 186
144 145
145 186
145 187
145 146
146 187
146 188
146 147
147 188
147 189
147 148
148 189
148 190
148 149
149 190
149 191
149 150
150 191
150 192
150 151
151 192
151 193
151 152
152 193
152 194
152 153
153 194
153 195
153 154
154 195
154 196
154 155
155 196
155 197
155 156
156 197
156 198
156 157
157 198
157 199
157 158
158 199
158 200
158 159
159 200
159 201
159 160
160 201
160 202
160 161
161 202
161 203
161 162
162 203
162 204
162 163
163 204
163 205
163 164
164 205
164 206
164 165
165 206
165 207
165 166
166 207
166 208
166 167
167 208
167 209
167 168
168 209
168 210
169 211
169 212
169 170
170 212
170 213
170 171
171 213
171 214
171 172
172 214
172 215
172 173
173 215
173 216
173 174
174 216
174 217
174 175
175 217
175 218
175 176
176 218
176 219
176 177
177 219
177 220
177 178
178 220
178 221
178 179
179 221
179 222
179 180
180 222
180 223
180 181
181 223
181 224
181 182
182 224
182 225
182 183
183 225
183 226
183 184
184 226
184 227
184 185
185 227
185 228
185 186
186 228
186 229
186 187
187 229
187 230
187 188
188 230
188 231
188 189
189 231
189 232
189 190
190 232
190 233
190 191
191 233
191 234
191 192
192 234
192 235
192 193
193 235
193 236
193 194
194 236
194 237
194 195
195 237
195 238
195 196
196 238
196 239
196 197
197 239
197 240
197 198
198 240
198 241
198 199
199 241
199 242
199 200
200 242
200 243
200 201
201 243
201 244
201 202
202 244
202 245
202 203
203 245
203 246
203 204
204 246
204 247
204 205
205 247
205 248
205 206
206 248
206 249
206 207
207 249
207 250
207 208
208 250
208 251
208 209
209 251
209 252
209 210
210 252
211 212
212 253
212 213
213 253
213 254
213 214
214 254
214 255
214 215
215 255
215 256
215 216
216 256
216 257
216 217
217 257
217 258
217 218
218 258
218 259
218 219
219 259
219 260
219 220
220 260
220 261
220 221
221 261
221 262
221 222
222 262
222 263
222 223
223 263
223 264
223 224
224 264
224 265
224 225
225 265
225 266
225 226
226 266
226 267
226 227
227 267
227 268
227 228
228 268
228 269
228 229
229 269
229 270
229 230
230 270
230 271
230 231
231 271
231 272
231 232
232 272
232 273
232 233
233 273
233 274
233 234
234 274
234 275
234 235
235 275
235 276
235 236
236 276
236 277
236 237
237 277
237 278
237 238
238 278
238 279
238 239
239 279
239 280
239 240
240 280
240 281
240 241
241 281
241 282
241 242
242 282
242 283
242 243
243 283
243 284
243 244
244 284
244 285
244 245
245 285
245 286
245 246
246 286
246 287
246 247
247 287
247 288
247 248
248 288
248 289
248 249
249 289
249 290
249 250
250 290
250 291
250 251
251 291
251 292
251 252
252 292
252 293
253 254
254 294
254 255
255 294
255 295
255 256
256 295
256 296
256 257
257 296
257 297
257 258
258 297
258 298
258 259
259 298
259 299
259 260
260 299
260 300
260 261
261 300
261 301
261 262
262 301
262 302
262 263
263 302
263 303
263 264
264 303
264 304
264 265
265 304
265 305
265 266
266 305
266 306
266 267
267 306
267 307
267 268
268 307
268 308
268 269
269 308
269 309
269 270
270 309
270 310
270 271
271 310
271 311
271 272
272 311
272 312
272 273
273 312
273 313
273 274
274 313
274 314
274 275
275 314
275 315
275 276
276 315
276 316
276 277
277 316
277 317
277 278
278 317
278 318
278 279
279 318
279 319
279 280
280 319
280 320
280 281
281 320
281 321
281 282
282 321
282 322
282 283
283 322
283 323
283 284
284 323
284 324
284 285
285 324
285 325
285 286
286 325
286 326
286 287
287 326
287 327
287 288
288 327
288 328
288 289
289 328
289 329
289 290
290 329
290 330
290 291
291 330
291 331
291 292
292 331
292 332
292 293
293 332
294 333
294 295
295 333
295 334
295 296
296 334
296 335
296 297
297 335
297 336
297 298
298 336
298 337
298 299
299 337
299 338
299 300
300 338
300 339
300 301
301 339
301 340
301 302
302 340
302 341
302 303
303 341
303 342
303 304
304 342
304 343
304 305
305 343
305 344
305 306
306 344
306 345
306 307
307 345
307 346
307 308
308 346
308 347
308 309
309 347
309 348
309 310
310 348
310 349
310 311
311 349
311 350
311 312
312 350
312 351
312 313
313 351
313 352
313 314
314 352
314 353
314 315
315 353
315 354
315 316
316 354
316 355
316 317
317 355
317 356
317 318
318 356
318 357
318 319
319 357
319 358
319 320
320 358
320 359
320 321
321 359
321 360
321 322
322 360
322 361
322 323
323 361
323 362
323 324
324 362
324 363
324 325
325 363
325 364
325 326
326 364
326 365
326 327
327 365
327 366
327 328
328 366
328 367
328 329
329 367
329 368
329 330
330 368
330 369
330 331
331 369
331 370
331 332
332 370
332 371
333 372
333 334
334 372
334 373
334 335
335 373
335 374
335 336
336 374
336 375
336 337
337 375
337 376
337 338
338 376
338 377
338 339
339 377
339 378
339 340
340 378
340 379
340 341
341 379
341 380
341 342
342 380
342 381
342 343
343 381
343 382
343 344
344 382
344 383
344 345
345 383
345 384
345 346
346 384
346 385
346 347
347 385
347 386
347 348
348 386
348 387
348 349
349 387
349 388
349 350
350 388
350 389
350 351
351 389
351 390
351 352
352 390
352 391
352 353
353 391
353 392
353 354
354 392
354 393
354 355
355 393
355 394
355 356
356 394
356 395
356 357
357 395
357 396
357 358
358 396
358 397
358 359
359 397
359 398
359 360
360 398
360 399
360 361
361 399
361 400
361 362
362 400
362 401
362 363
363 401
363 402
363 364
364 402
364 403
364 365
365 403
365 404
365 366
366 404
366 405
366 367
367 405
367 406
367 368
368 406
368 407
368 369
369 407
369 408
369 370
370 408
370 409
370 371
371 409
372 373
373 410
373 374
374 410
374 411
374 375
375 411
375 412
375 376
376 412
376 413
376 377
377 413
377 414
377 378
378 414
378 415
378 379
379 415
379 416
379 380
380 416
380 417
380 381
381 417
381 418
381 382
382 418
382 419
382 383
383 419
383 420
383 384
384 420
384 421
384 385
385 421
385 422
385 386
386 422
386 423
386 387
387 423
387 424
387 388
388 424
388 425
388 389
389 425
389 426
389 390
390 426
390 427
390 391
391 427
391 428
391 392
392 428
392 429
392 393
393 429
393 430
393 394
394 430
394 431
394 395
395 431
395 432
395 396
396 432
396 433
396 397
397 433
397 434
397 398
398 434
398 435
398 399
399 435
399 436
399 400
400 436
400 437
400 401
401 437
401 438
401 402
402 438
402 439
402 403
403 439
403 440
403 404
404 440
404 441
404 405
405 441
405 442
405 406
406 442
406 443
406 407
407 443
407 444
407 408
408 444
408 445
408 409
409 445
409 446
410 411
411 447
411 412
412 447
412 448
412 413
413 448
413 449
413 414
414 449
414 450
414 415
415 450
415 451
415 416
416 451
416 452
416 417
417 452
417 453
417 418
418 453
418 454
418 419
419 454
419 455
419 420
420 455
420 456
420 421
421 456
421 457
421 422
422 457
422 458
422 423
423 458
423 459
423 424
424 459
424 460
424 425
425 460
425 461
425 426
426 461
426 462
426 427
427 462
427 463
427 428
428 463
428 464
428 429
429 464
429 465
429 430
430 465
430 466
430 431
431 466
431 467
431 432
432 467
432 468
432 433
433 468
433 469
433 434
434 469
434 470
434 435
435 470
435 471
435 436
436 471
436 472
436 437
437 472
437 473
437 438
438 473
438 474
438 439
439 474
439 475
439 440
440 475
440 476
440 441
441 476
441 477
441 442
442 477
442 478
442 443
443 478
443 479
443 444
444 479
444 480
444 445
445 480
445 481
445 446
446 481
447 482
447 448
448 482
448 483
448 449
449 483
449 484
449 450
450 484
450 485
450 451
451 485
451 486
451 452
452 486
452 487
452 453
453 487
453 488
453 454
454 488
454 489
454 455
455 489
455 490
455 456
456 490
456 491
456 457
457 491
457 492
457 458
458 492
458 493
458 459
459 493
459 494
459 460
460 494
460 495
460 461
461 495
461 496
461 462
462 496
462 497
462 463
463 497
463 498
463 464
464 498
464 499
464 465
465 499
465 500
465 466
466 500
466 501
466 467
467 501
467 502
467 468
468 502
468 503
468 469
469 503
469 504
469 470
470 504
470 505
470 471
471 505
471 506
471 472
472 506
472 507
472 473
473 507
473 508
473 474
474 508
474 509
474 475
475 509
475 510
475 476
476 510
476 511
476 477
477 511
477 512
477 478
478 512
478 513
478 479
479 513
479 514
479 480
480 514
480 515
480 481
481 515
481 516
482 517
482 483
483 517
483 518
483 484
484 518
484 519
484 485
485 519
485 520
485 486
486 520
486 521
486 487
487 521
487 522
487 488
488 522
488 523
488 489
489 523
489 524
489 490
490 524
490 525
490 491
491 525
491 526
491 492
492 526
492 527
492 493
493 527
493 528
493 494
494 528
494 529
494 495
495 529
495 530
495 496
496 530
496 531
496 497
497 531
497 532
497 498
498 532
498 533
498 499
499 533
499 534
499 500
500 534
500 535
500 501
501 535
501 536
501 502
502 536
502 537
502 503
503 537
503 538
503 504
504 538
504 539
504 505
505 539
505 540
505 506
506 540
506 541
506 507
507 541
507 542
507 508
508 542
508 543
508 509
509 543
509 544
509 510
510 544
510 545
510 511
511 545
511 546
511 512
512 546
512 547
512 513
513 547
513 548
513 514
514 548
514 549
514 515
515 549
515 550
515 516
516 550
517 551
517 518
518 551
518 552
518 519
519 552
519 553
519 520
520 553
520 554
520 521
521 554
521 555
521 522
522 555
522 556
522 523
523 556
523 557
523 524
524 557
524 558
524 525
525 558
525 559
525 526
526 559
526 560
526 527
527 560
527 561
527 528
528 561
528 562
528 529
529 562
529 563
529 530
530 563
530 564
530 531
531 564
531 565
531 532
532 565
532 566
532 533
533 566
533 567
533 534
534 567
534 568
534 535
535 568
535 569
535 536
536 569
536 570
536 537
537 570
537 571
537 538
538 571
538 572
538 539
539 572
539 573
539 540
540 573
540 574
540 541
541 574
541 575
541 542
542 575
542 576
542 543
543 576
543 577
543 544
544 577
544 578
544 545
545 578
545 579
545 546
546 579
546 580
546 547
547 580
547 581
547 548
548 581
548 582
548 549
549 582
549 583
549 550
550 583
550 584
551 585
551 586
551 552
552 586
552 587
552 553
553 587
553 588
553 554
554 588
554 589
554 555
555 589
555 590
555 556
556 590
556 591
556 557
557 591
557 592
557 558
558 592
558 593
558 559
559 593
559 594
559 560
560 594
560 595
560 561
561 595
561 596
561 562
562 596
562 597
562 563
563 597
563 598
563 564
564 598
564 599
564 565
565 599
565 600
565 566
566 600
566 601
566 567
567 601
567 602
567 568
568 602
568 603
568 569
569 603
569 604
569 570
570 604
570 605
570 571
571 605
571 606
571 572
572 606
572 607
572 573
573 607
573 574
574 575
575 576
576 577
577 578
578 608
578 579
579 608
579 609
579 580
580 609
580 610
580 581
581 610
581 611
581 582
582 611
582 612
582 583
583 612
583 613
583 584
584 613
585 586
586 614
586 587
587 614
587 615
587 588
588 615
588 616
588 589
589 616
589 617
589 590
590 617
590 618
590 591
591 618
591 619
591 592
592 619
592 620
592 593
593 620
593 621
593 594
594 621
594 622
594 595
595 622
595 623
595 596
596 623
596 624
596 597
597 624
597 625
597 598
598 625
598 626
598 599
599 626
599 627
599 600
600 627
600 628
600 601
601 628
601 629
601 602
602 629
602 603
603 604
604 605
605 606
606 607
608 630
608 609
609 630
609 631
609 610
610 631
610 632
610 611
611 632
611 633
611 612
612 633
612 634
612 613
613 634
613 635
614 636
614 615
615 636
615 637
615 616
616 637
616 638
616 617
617 638
617 639
617 618
618 639
618 640
618 619
619 640
619 641
619 620
620 641
620 642
620 621
621 642
621 643
621 622
622 643
622 644
622 623
623 644
623 645
623 624
624 645
624 646
624 625
625 646
625 647
625 626
626 647
626 648
626 627
627 648
627 628
628 629
630 631
631 632
632 649
632 633
633 649
633 650
633 634
634 650
634 651
634 635
635 651
636 637
637 652
637 638
638 652
638 653
638 639
639 653
639 654
639 640
640 654
640 655
640 641
641 655
641 642
642 643
643 644
644 645
645 646
646 647
647 648
649 650
650 656
650 651
651 656
651 657
652 653
653 654
654 655
656 658
656 657
657 658
