-11.186517  38.656711
 -6.625038  38.992136
-17.649509  33.587563
-14.729746  36.264945
 -9.838220  36.009655
 -6.618900  35.898330
-13.489195  37.109726
 -7.620326  37.267568
 -2.022721  34.344964
 -7.079917  38.835165
-12.575669  38.865228
 -7.543640  38.617869
 -3.047002  35.513074
 -5.534166  38.967734
-14.631207  36.102291
 -8.440101  35.928690
 -7.128038  36.027665
 -8.629857  38.366985
-14.690006  35.242335
-16.216676  38.577817
 -8.013568  36.801804
 -8.302695  38.525087
 -8.139085  34.720683
-20.065566  32.453193
 -6.110383  32.431595
 -8.545265  36.142410
 -3.996907  36.594617
 -3.350314  33.942640
-13.396285  39.337806
 -4.683597  37.547499
-14.788711  35.462773
-11.666743  35.978734
 -8.509939  38.157786
-17.813617  36.591870
 -4.683176  32.227507
 -3.441994  36.885498
-19.174684  34.802041
-14.250255  39.331276
-18.191772  33.960351
-14.396463  40.425429
 -4.156543  32.469602
-11.451605  37.168531
