-16.092187  34.930945
 -3.958278  34.239961
 -9.629225  38.505341
-12.655521  33.766087
-15.999648  38.624924
-10.101294  35.680155
 -3.663958  38.858626
-16.332864  32.593748
 -4.743697  38.469474
 -9.836263  35.412759
 -6.552132  36.903492
 -4.832974  36.521647
 -9.597263  35.129224
-17.183706  33.421624
-12.963638  40.378369
-11.432605  35.780492
 -6.029744  38.332789
 -3.947681  33.103708
-10.215833  39.852945
 -5.072512  32.310287
-12.350027  35.839683
-11.982362  40.093245
 -9.935047  32.703743
-14.647463  34.446449
-15.785234  39.119877
-16.939552  34.900624
 -2.885872  32.522936
-15.653607  38.608117
-18.968839  35.355903
 -8.332843  34.648995
-10.453684  40.130733
 -3.499690  37.020267
 -2.892422  38.343079
-14.408787  34.493777
 -3.333015  36.951405
 -2.496523  32.179926
-15.165834  36.107801
