36.977573 32.786470 35.205402 35.339485 38.610339 33.427998 33.703231 32.248967 38.383636 32.425136 34.790387 37.815535 33.071833 37.809407 34.186479 38.368163 37.863195 32.201067 35.252214 37.930101 37.802708 35.847759 33.149833 35.156616 34.867106 32.892888 37.593748 37.755818 35.950958 34.124829 34.819361 
36.674355 37.583471 32.232939 40.720422 33.040577 35.355723 34.161251 34.590841 39.521755 38.273012 33.469552 38.142545 39.644965 38.060828 32.451643 38.945659 37.965928 35.503729 37.765621 35.904549 37.819211 35.675188 36.513803 35.681894 37.930876 32.694158 36.873652 32.514702 33.314260 39.638724 39.861500 33.083055 
34.389993 32.385443 39.754136 39.153919 33.064742 35.669189 35.774968 35.320184 36.291627 32.695079 38.436158 38.270273 38.391030 37.919383 39.836657 38.724888 37.708113 35.659487 36.089094 35.428549 37.584726 32.508751 36.244303 
38.488146 34.421757 35.208615 38.056845 37.578526 34.477452 34.008215 34.798715 37.163898 35.447866 32.991132 35.456532 37.717612 38.205902 38.521478 36.263150 37.804246 33.545376 32.154847 38.050597 33.357848 34.114774 32.488151 
36.345206 38.038969 34.512502 39.812095 37.478699 38.932294 39.331079 40.212458 37.446642 33.355648 33.013728 35.708194 37.747373 38.067286 38.112723 36.354286 37.875968 38.855929 36.348364 33.423666 39.227213 38.123270 34.755073 36.769317 36.694719 39.147270 34.936018 33.592493 38.798246 34.276417 35.255026 
34.580014 39.531775 35.896867 36.477013 36.203898 39.378441 39.979401 32.949156 37.214292 39.058582 36.603121 36.271606 38.049592 37.954238 33.086274 36.459020 37.955529 36.019356 34.133985 36.785874 37.001484 38.875926 35.132451 38.207438 34.238728 35.039675 33.798239 34.721134 33.599797 
36.072013 37.616740 34.197939 36.278810 38.371378 39.776433 39.198610 33.468644 39.456255 34.195787 37.964332 38.004756 37.821786 37.921290 36.382095 36.678749 37.908803 34.674125 39.495570 32.892779 36.924661 36.646055 32.921072 39.648797 36.246097 39.326989 34.261617 
34.053868 35.142846 39.915688 32.895133 32.936574 37.768800 32.331995 36.246196 36.848615 35.259887 38.208839 34.812858 40.448825 37.944225 35.916075 37.192051 38.189287 38.371443 36.584057 33.581209 32.496200 32.575324 39.480426 37.434816 36.990796 37.161768 37.845495 37.801561 32.678763 33.313094 
35.984000 33.753649 36.406100 32.481097 33.535249 38.713980 39.417260 36.101572 39.918765 39.038525 38.250300 32.663983 34.620373 38.220915 36.172977 36.748777 38.228001 39.584931 32.819760 35.454543 33.268067 32.727463 33.600614 36.285643 37.739436 33.081545 37.226717 37.482110 39.912584 35.375133 34.999102 37.207576 34.691922 
35.516821 32.187350 38.363921 39.909087 34.143780 37.469055 40.329086 33.838708 33.411496 37.406597 39.139488 38.638797 38.373711 37.638190 34.967582 38.686635 37.821677 34.963017 35.785779 34.383867 37.156467 34.279319 34.436927 35.979703 36.885358 35.738451 39.801487 34.094606 32.938197 37.860982 
32.177980 34.469309 38.675223 35.556563 40.276419 35.603344 32.911294 35.798227 34.915428 32.214943 38.801642 34.413568 38.963711 34.748871 34.639467 39.036219 38.532213 34.309402 33.749380 37.027220 38.542129 36.923113 38.319965 32.797807 33.945904 33.620867 32.733194 32.147412 33.956749 33.030437 
34.690978 35.371066 32.825784 35.834562 38.305566 39.617920 32.365673 35.918728 34.209827 35.017979 39.202391 35.925753 35.744589 39.712226 35.141271 39.242290 39.716112 38.451952 38.753950 37.004784 37.712841 38.703165 40.013048 36.308928 36.183471 39.989743 33.648698 33.609500 32.968081 35.679956 38.321189 33.760121 
32.951414 40.279878 40.173113 40.452225 36.460220 37.136482 34.601365 32.592825 33.591923 39.645116 38.744243 32.126376 34.684180 35.678108 33.665741 39.005030 38.726414 38.826481 35.343156 33.419858 35.525836 36.068854 35.044859 34.246554 36.066286 
36.209908 37.735967 33.304828 40.157097 33.326079 39.003070 35.928528 39.153836 33.523503 39.281357 38.423155 39.665570 35.664129 39.175984 37.766396 39.429322 36.600226 36.329137 36.493360 38.378118 35.355320 36.094193 36.074751 36.428936 32.758228 36.555465 36.859197 34.062041 35.858015 33.684365 32.164924 33.693224 32.208892 33.304514 37.481637 37.601719 36.886712 
33.379060 37.883001 38.687761 32.129098 32.531956 38.675361 36.552299 34.993077 38.081251 38.951735 32.497031 39.915661 32.652278 39.114782 38.232978 39.106025 39.970829 36.849816 35.041341 38.101558 37.841185 32.638292 37.819386 35.603818 34.830443 34.772905 34.255406 34.663545 34.703062 37.647310 35.677676 33.902917 36.146068 36.458860 33.577922 39.021770 39.895695 35.778400 38.281807 39.762651 34.222834 32.598620 
39.253035 35.368137 33.080801 35.877373 38.067254 36.945312 35.648859 36.641651 36.356862 38.912289 34.091046 39.956975 35.996497 38.733859 38.239439 40.223251 36.163734 36.108975 32.797826 37.912347 38.421201 34.135967 33.381776 38.296479 39.941214 34.900991 35.333704 38.667276 33.784693 
38.485457 39.970179 34.373997 34.806584 35.068149 37.720131 34.361863 38.537429 39.097434 38.339362 38.373810 34.115749 37.127366 34.890135 35.870928 33.138524 32.378953 37.257288 32.603088 35.701424 39.555033 37.179921 34.813992 35.485982 36.779393 32.738478 39.897192 33.103416 32.963541 32.179800 
38.974528 37.728789 38.917286 35.533251 40.461210 38.063612 32.432928 40.024548 32.431307 39.058540 39.153352 32.655861 35.497937 36.474735 36.087795 39.252591 32.625560 38.758178 32.813520 36.512909 35.085870 39.399913 32.810947 34.762458 33.534416 34.113601 37.618718 38.471556 33.635163 34.938264 39.529956 
38.564570 37.478908 32.760857 38.450100 32.832091 37.862692 32.708625 32.687814 33.025772 38.648905 39.074642 32.726687 32.203545 39.736710 37.774812 35.398093 36.166664 37.923554 34.599938 36.403097 33.317586 40.104748 38.534855 38.611261 33.657387 36.581281 35.628719 34.376141 32.502357 37.684491 37.626803 39.407589 32.393884 35.637967 32.832848 38.976522 
37.860361 39.073818 35.072928 39.061045 38.649304 36.131489 37.963359 35.166576 34.143504 38.648905 39.730819 36.788243 38.821830 36.420050 38.733842 37.808871 39.855087 38.080972 37.965900 32.462967 38.618514 34.443264 34.196605 34.253675 34.760253 37.005997 34.177210 32.376985 40.450312 39.326614 34.189625 32.540153 35.177532 33.304727 33.053917 
38.031937 35.200427 37.490141 39.193110 36.103850 33.735376 35.082901 32.521409 39.305701 38.687874 39.069881 33.382871 32.138536 36.474845 39.075090 34.256497 38.186163 38.505733 36.458932 38.970634 34.015499 38.176319 39.065658 35.919919 32.326236 33.947287 34.462739 34.426443 34.010642 32.312072 35.489092 34.585143 32.124550 33.883837 
32.249096 35.402955 37.010267 33.780589 36.700326 33.389401 37.544798 38.505316 38.980839 39.112882 38.626885 33.585191 33.704649 36.982482 36.606838 38.395068 39.235873 33.545187 38.488870 34.356562 37.159671 36.875453 33.891330 34.173615 37.270358 38.270175 33.031703 34.577643 35.154060 38.788600 39.946876 33.788067 33.594611 32.692110 34.454625 33.670464 33.332634 38.391227 34.470044 
34.618012 37.059162 34.221435 34.930350 35.381254 33.940372 38.957855 40.465600 38.839706 38.775609 39.144529 36.692667 32.631689 33.525179 40.022068 39.130601 38.271641 32.241706 38.626355 33.809177 36.640465 35.329151 37.565644 37.083621 36.890447 34.487634 36.159795 40.354123 39.827561 32.968624 35.527706 36.354707 32.460068 39.898215 35.645667 34.187019 39.615672 33.291013 35.349415 32.724855 33.047630 32.299719 35.029969 33.341013 36.797611 
33.278810 36.277114 38.036941 39.687687 35.957941 37.062921 37.809754 33.408451 38.917641 38.783921 39.557832 36.121898 35.630782 36.907275 39.148162 36.134551 34.251603 32.234855 39.318725 32.951920 32.613044 36.097192 36.631419 34.330112 
36.722423 36.291191 33.299381 34.615096 37.351430 33.745033 33.629730 33.180306 39.120163 38.528600 39.831427 36.799399 38.411947 38.867444 35.679268 38.864184 35.430054 35.061730 33.380049 37.028584 32.979617 39.058121 40.996229 34.676387 33.720047 33.235066 33.463999 35.161464 33.455964 38.420327 32.310951 
34.665946 36.402345 32.899755 32.212107 32.685437 37.885956 32.144643 35.088892 39.154406 37.993868 33.785563 36.090125 37.093405 37.022402 32.195250 32.401052 36.506767 39.206399 34.645227 40.509816 32.491536 40.541034 33.842152 34.362376 39.585394 38.124187 35.865583 37.628248 33.341342 39.695404 39.015526 36.089161 36.017073 33.558106 33.727169 33.308003 34.069390 
38.858150 36.833871 35.532282 32.833378 32.720221 39.199458 32.559639 36.042140 37.892760 38.850502 34.630643 32.858032 35.505280 33.125995 36.791784 35.816522 36.222337 37.222832 33.027742 39.884018 37.881792 32.276250 35.770896 38.876161 40.297250 34.409604 40.087151 37.989903 32.981771 34.278548 35.594975 34.968833 36.116076 37.779139 35.548479 32.269559 37.927209 35.055598 34.273530 36.538768 35.639591 36.670231 36.237789 32.909506 36.023501 32.398461 
34.878731 40.090826 34.266800 37.227375 34.509193 33.097370 32.342264 33.959648 33.020009 39.048809 35.504114 35.906236 38.062648 38.200409 32.765316 37.243856 34.751126 40.031545 32.892318 39.154410 34.607236 34.664611 38.249504 37.759881 39.778427 32.671919 36.238527 37.210618 34.917908 34.443752 34.506362 36.609082 33.557763 
40.105742 35.841512 34.370431 37.281154 39.033197 33.107061 32.426195 39.679821 34.149811 38.710839 38.882592 36.585702 37.797374 38.287448 39.443299 32.597359 35.685329 34.759245 37.901261 32.408606 33.605508 36.129089 39.153898 33.545323 38.316520 32.581633 35.669020 33.081290 
35.217749 39.884978 34.903441 34.130810 39.486826 35.524315 35.344255 35.327929 34.354802 39.056088 36.034024 36.695245 38.045547 36.559027 36.713846 38.426965 39.792533 39.573323 35.121384 38.219950 34.182718 37.122503 37.529995 39.159584 37.581864 36.338957 39.547096 36.852717 35.712995 39.771413 32.665796 35.087852 33.093586 35.657368 
34.332999 35.784318 38.515736 35.089708 39.456707 32.322625 35.594530 34.584191 37.939575 34.664044 37.018706 39.196808 39.854614 33.956145 34.278948 38.721188 39.257264 33.407352 32.291972 37.707706 39.551496 35.240001 38.626706 38.957713 36.574821 32.991116 36.034225 38.186499 35.651515 39.533729 35.621319 35.281386 35.037644 33.395158 33.950581 35.206745 33.898045 
39.555318 39.522690 33.335552 35.632691 39.366197 38.611055 38.008227 32.951998 37.797470 35.786358 36.928848 37.173169 36.773584 37.919701 36.273912 38.994463 35.014299 39.936410 37.710399 32.897653 35.771717 33.580127 38.798948 32.776333 36.796480 32.893577 36.054014 33.351443 35.447106 34.922329 37.512722 34.425311 
34.325516 38.755306 37.866619 36.266068 39.816380 39.801990 33.805110 39.033367 37.702488 40.485930 36.904923 33.883207 36.637968 32.498782 36.081959 38.802683 32.245923 38.345706 37.594324 32.136043 32.419322 35.427638 32.429178 32.979732 34.007445 37.225430 34.728787 37.317577 36.166885 36.918181 34.219756 32.788561 35.114558 37.727712 
35.810653 38.801772 38.513919 34.475715 40.200894 37.413161 38.073908 34.010460 37.733425 36.505961 37.849624 39.613823 36.811400 33.800851 37.899626 38.683546 34.996673 36.139597 34.672278 36.841856 34.531655 39.182592 38.353738 38.462954 35.284424 32.744177 38.101252 33.133048 36.616599 33.204235 32.429821 32.352385 36.124662 
38.775314 33.178396 38.963380 37.759190 39.863741 41.455779 38.715732 37.696266 38.052835 38.022228 36.952690 32.411293 37.027794 34.061585 39.372356 38.875194 33.694414 38.249757 38.987269 37.231780 33.073290 41.015106 34.075675 
37.904057 38.686146 38.609909 36.657040 39.977436 32.306559 32.495618 39.712061 39.179595 38.164903 35.636340 40.229410 38.088201 38.310134 33.184458 38.683957 39.634076 37.611873 39.289217 36.587602 35.476431 39.065766 37.890193 38.579755 37.881594 37.512482 37.345538 39.255002 34.169240 34.421163 35.709813 33.842153 34.078923 37.583232 39.980930 38.182135 
38.866569 38.888693 40.394547 36.472756 39.558213 38.904512 38.754284 37.865274 33.354682 39.594544 34.790848 34.239109 38.701238 38.828594 32.693896 33.123182 33.974164 32.228902 40.048539 35.017833 32.729121 34.783991 35.506868 38.505875 34.454543 34.817735 33.594459 36.610921 37.229681 36.717649 39.369507 
39.379180 39.335523 37.608837 33.227425 39.537918 38.561207 36.798548 35.811465 36.047441 36.170329 35.818449 38.501636 38.294713 38.672016 38.414585 35.316277 32.910425 34.710700 33.052946 
38.486042 38.479257 36.608452 36.488328 39.670060 40.270647 32.297673 38.717302 35.614536 36.843987 39.036915 32.464898 33.744309 38.739264 38.445283 37.996977 37.767976 34.060507 38.235314 36.434786 32.753517 38.330202 37.764751 37.358701 34.385788 
39.118884 38.127769 38.073085 35.431608 39.433083 34.076595 38.224994 35.794772 35.661628 39.401897 38.721340 33.957309 32.459907 38.458972 38.194387 37.448473 33.376457 33.399850 35.124484 33.179017 36.420391 38.510297 35.193897 35.055322 33.797411 32.210170 33.994506 32.751505 39.423561 35.887511 36.996503 39.055967 37.136220 33.021432 32.215214 37.302436 32.962143 32.865278 38.815915 34.018999 37.110760 
38.959634 37.975050 37.960633 33.321914 39.236347 39.339120 39.089319 38.609272 35.709101 33.942257 39.022771 34.051834 33.580715 38.935096 37.623812 33.393390 34.136260 33.950814 34.190914 40.071375 35.755898 36.527745 34.989218 36.664958 35.705663 33.707010 38.938997 34.049559 39.434228 37.136918 32.941701 34.196677 32.757994 32.473666 32.609241 
38.939594 38.017114 37.992571 36.539809 39.057073 34.893405 37.042563 35.542182 34.271244 33.528003 36.573331 36.324821 40.515700 38.839846 37.533664 33.968562 38.076955 37.371019 36.669757 38.780702 32.992855 34.816733 37.960977 35.006304 33.245984 39.203360 32.224139 36.857708 37.984549 
38.970769 38.115141 38.041768 33.307180 40.109324 39.124441 32.792855 37.197427 32.340948 32.436453 37.739819 37.770568 39.131622 38.261627 37.556944 32.486598 38.129743 40.868308 34.277444 37.227824 34.334676 32.850350 34.417908 
38.952849 38.228820 33.919834 37.074518 40.080690 39.205720 33.572216 37.633407 39.750774 35.820077 34.804658 34.081550 37.012715 38.617958 36.408436 40.118586 39.082929 35.149571 38.211602 38.033733 32.235198 35.331478 37.222594 36.811087 37.071473 37.959408 35.465672 38.603908 38.130372 32.642458 33.127138 
38.391984 38.763961 36.562897 36.915844 41.137170 38.573711 33.738603 40.359483 32.814882 34.330222 41.262097 33.237634 36.097230 39.080302 34.215847 34.188135 32.927674 36.943269 38.445766 38.760218 37.640286 36.261895 35.998646 32.193466 
38.601002 32.944054 36.575647 36.615254 38.844884 38.924039 32.784886 34.985885 38.293427 38.051542 34.901118 39.201558 35.511338 39.456380 35.857807 36.498230 36.184554 34.507965 38.194747 33.920897 37.115495 32.295909 32.650349 33.921187 
38.648444 39.417862 36.437223 35.110291 33.990434 39.112158 34.532849 35.583921 37.986442 37.103791 35.707778 39.919694 39.048717 39.412058 34.124870 34.768496 36.583893 34.619474 35.593144 35.787919 37.845904 33.510531 36.723243 40.771685 35.210768 34.545775 38.048249 35.034671 
37.883503 37.692820 32.420977 33.312026 33.941927 39.276362 33.102413 37.002968 37.841290 37.615207 39.857335 35.278187 35.581250 38.533578 36.845866 34.346435 36.286657 36.292408 37.984378 34.615915 36.615481 40.253009 35.967422 33.813110 35.379272 36.256141 33.658554 32.342560 36.779840 35.936421 
38.016383 37.799253 39.339232 35.253320 36.819024 38.758912 38.188827 35.770327 40.570278 36.595838 37.239756 33.636512 38.087371 38.303842 37.514603 33.678919 33.226957 32.731619 
38.294503 38.508902 33.652212 38.658250 36.569981 38.486093 36.330313 37.303420 34.017419 36.729058 32.360444 39.600105 38.532564 38.720965 37.204400 35.163274 34.010699 36.862499 33.614360 35.748612 
38.663030 34.938511 37.055797 40.112367 36.326089 39.124725 38.376012 38.976216 39.289184 39.449763 35.687209 35.600237 39.395991 39.587221 34.470442 38.240332 36.344556 39.028213 33.461771 34.486624 36.130423 39.715471 39.304197 32.687002 32.455279 33.318008 32.728044 37.081654 32.812423 37.642720 34.560898 40.105701 33.979980 36.736364 34.311227 40.279926 33.456506 40.534074 36.327189 34.813345 34.522045 35.567101 37.562843 33.588186 35.357626 38.915676 32.183625 32.954220 33.678853 36.002728 33.562015 36.481779 32.307709 
38.271128 37.822052 36.338120 39.382559 36.315557 38.879081 36.753138 37.232270 36.121284 33.275212 36.053211 33.073985 37.665201 33.149422 32.395909 37.765771 36.506225 39.215800 35.467241 40.031804 34.763044 35.912282 32.289551 36.691515 37.658673 33.844032 35.625280 40.454259 37.223813 34.421218 37.394021 36.342102 
38.275367 34.693999 38.206088 38.377817 35.777047 39.157863 34.114993 36.982078 35.652289 38.514982 35.819999 33.480382 34.844825 36.034642 39.416936 38.143766 35.887122 38.935382 38.439855 40.135749 34.977450 35.450539 32.392335 35.883874 33.669649 33.164023 33.059846 36.035750 38.243501 33.232722 33.977219 
39.385912 34.455262 39.038557 39.678787 35.300841 39.953751 39.955386 36.831735 38.955562 36.792591 37.912225 38.231452 32.649226 36.595650 34.895653 38.862724 35.934986 34.083964 33.503444 35.039595 34.476722 33.376329 33.393132 35.004902 37.673155 34.732490 38.789432 34.551155 40.407430 35.683667 39.393100 34.370658 33.398355 36.069436 37.966082 37.045780 32.606639 34.446204 34.024928 38.339598 33.176404 39.126459 33.815139 33.242461 38.118845 
32.385287 36.131028 33.432152 39.170027 40.252840 34.299818 40.217856 34.808648 33.157077 36.104291 38.761158 35.292630 37.221110 38.055567 39.148961 38.878004 39.488374 36.040422 35.337606 36.397158 36.465397 37.987392 34.617774 36.933163 37.807975 39.732941 38.917374 32.389623 33.547017 35.439260 34.492516 32.256445 35.860178 38.689067 33.788350 37.426244 
35.817197 38.968326 36.689625 40.014570 33.064546 39.542343 39.666075 35.495771 35.744919 38.356365 35.010974 35.303656 32.793131 38.740223 37.680919 38.910713 38.041989 35.614500 35.854875 34.544926 36.227857 38.538279 33.438857 34.675282 39.347078 34.899445 32.902604 32.977409 33.262576 34.302268 35.367553 35.775129 32.302386 34.472046 32.419481 35.743891 33.097709 
35.985768 37.701649 40.619348 39.729277 35.115791 37.499278 40.095757 35.558211 35.514577 36.774581 38.548616 36.436531 38.433821 39.593113 34.612291 39.326746 38.024729 33.550345 38.200125 36.340635 
33.641850 35.672837 36.867827 39.945829 35.503120 38.419280 38.732812 35.555317 35.801684 36.819892 33.769588 36.293107 38.541429 38.516667 39.783752 38.667276 37.994403 32.853335 34.367386 33.614052 37.366356 37.261489 33.884774 33.270773 39.678247 32.350610 34.778550 34.282774 37.985658 36.265722 35.780347 33.574023 
38.020359 38.843548 39.332333 39.815286 34.239420 37.795035 33.011565 35.441056 32.451346 36.452479 40.626449 37.606725 38.640393 38.843762 35.497317 37.661407 37.333912 40.450419 38.634080 38.990853 35.465377 39.648895 35.462291 34.855766 34.546944 33.608011 33.223406 36.732982 32.297081 33.293844 33.588317 33.223785 32.688625 40.468229 32.549482 33.401356 33.805088 32.773877 34.363704 34.123046 
40.505089 34.387633 37.825632 39.578455 36.535689 35.848664 37.392169 35.233119 38.528304 36.043077 32.479984 32.595374 39.467862 38.824341 33.855456 37.416992 37.658126 33.817313 39.180143 37.599826 34.293990 39.462585 34.676407 33.375771 34.238538 36.274178 
38.885041 39.101774 36.559824 39.066547 37.520173 39.582456 36.583282 35.384611 38.442443 37.226581 36.454373 35.924636 36.584056 37.876392 35.308930 35.189688 35.312901 36.092146 34.239381 33.932175 33.424634 35.099733 37.178241 34.110310 32.521428 33.224691 36.695406 36.337790 34.486381 
39.914889 39.162419 37.518973 39.487634 35.566878 39.101206 37.184419 35.006580 37.431900 36.817917 40.117086 36.900179 37.688629 38.368501 36.048807 32.611170 39.353881 40.039561 32.166306 40.471000 35.949354 35.823245 35.234059 
33.616277 38.448357 34.794217 40.009953 36.699679 36.292877 33.699553 36.525526 34.547487 37.450289 37.259898 35.674663 36.093483 38.630562 37.422444 35.501106 36.760356 38.983649 37.467694 39.907639 38.243222 37.935997 37.482240 36.758645 37.535074 35.534739 33.872262 37.045722 37.418162 35.518875 40.238142 37.338784 
34.700471 40.237893 33.884632 36.605529 34.580417 37.383464 37.780316 36.639492 33.501012 35.780146 36.359616 35.944923 36.935699 38.656568 36.641735 34.332842 35.989642 38.564985 34.378532 40.133770 34.179037 38.575003 40.382758 37.213313 35.644083 35.774091 35.508150 39.474333 38.589798 39.893166 38.402640 36.454800 32.462463 34.340904 35.405584 33.858318 34.013733 
38.504026 40.027458 35.741567 36.874609 36.002076 38.098087 35.197664 37.320997 32.223726 36.711535 33.399121 35.868288 37.189577 39.040962 36.321381 35.700946 37.960531 38.573420 40.153380 40.381624 33.205724 33.540794 32.998191 39.804062 35.183592 37.582705 33.500131 36.677372 37.690931 39.338595 34.301172 33.718107 36.911600 37.104206 39.432446 32.195484 36.731067 39.692036 36.966431 36.226925 
38.829017 39.510085 36.181348 33.364442 39.505533 39.476946 35.049284 35.072279 37.995849 34.616080 35.315321 37.543434 37.177346 38.841782 34.780535 35.745552 38.079410 33.149330 39.577012 38.182955 33.483396 36.224686 33.590642 35.207910 36.013892 38.684964 32.350298 38.817403 33.966494 32.148946 35.900152 32.424422 35.365358 32.674531 33.026056 
38.410701 38.178853 35.590388 39.741102 34.593789 38.007668 34.438482 32.533897 35.078220 33.780426 37.029289 36.202312 36.030059 37.799206 33.973548 36.136451 38.694149 33.614592 39.671636 37.977670 39.199068 36.823494 33.133255 38.152512 35.536605 40.111091 41.344446 35.748979 32.736883 38.064572 36.229171 32.799057 37.620293 37.105561 35.558591 
37.247001 34.893804 34.717218 39.846151 34.583241 37.317108 40.311494 34.779767 38.474597 32.306922 35.000651 38.369064 32.351562 37.684021 35.910092 39.548057 36.684291 37.501334 38.808984 34.198525 33.518527 37.036814 38.178562 37.125253 40.543510 40.079587 37.674724 36.756524 35.601543 32.552382 37.581376 
37.770810 37.401791 34.629246 40.029820 38.812417 38.080564 32.940716 36.011808 37.538982 33.237147 34.365548 37.985888 36.180132 38.082170 35.118808 32.980312 38.662676 38.541791 38.949268 37.489438 39.555672 34.533773 34.350813 36.843861 37.012518 32.229941 34.557792 34.585127 40.041185 35.190023 34.473790 37.412262 37.742447 38.684086 32.305591 37.994617 32.805844 35.370187 39.355380 34.455475 33.999760 33.946433 32.484865 34.592664 
37.669486 36.159468 38.031168 39.307575 34.205241 38.998377 39.776781 33.743929 39.719227 33.703844 39.427892 37.525748 36.668666 38.371826 35.927672 34.477440 35.061767 35.890697 33.480917 37.349100 32.839129 34.433185 37.477324 38.061279 33.567042 40.517521 39.511837 33.395373 33.980793 34.608444 33.957513 35.560805 33.166766 33.413168 38.270401 37.912851 32.235231 39.411790 37.687456 37.285216 38.396502 35.967939 
36.924738 34.132961 36.566065 33.160114 32.280621 36.742126 33.465801 39.016116 35.473094 39.819083 37.882868 37.570010 32.996592 39.413880 32.722184 38.596902 33.525655 35.778300 34.993713 37.295387 34.832113 34.392421 38.099641 40.220757 32.463086 33.062324 36.451491 38.046081 33.422637 37.165482 36.576031 38.775867 39.710246 
36.819872 33.921123 38.337742 32.917838 33.711198 33.620756 38.351725 35.524137 35.684200 39.645189 32.681407 35.309927 38.930348 38.905324 37.996484 33.185955 35.991189 35.550572 35.365014 37.706861 35.169013 36.882570 34.083032 35.550128 37.066146 32.309693 36.383778 34.794456 37.248646 37.474858 35.376004 32.682235 36.877619 40.046617 33.915769 37.764259 34.773770 40.138447 39.811602 34.305538 36.841600 33.143816 36.182375 
32.283901 33.449526 39.239713 33.261784 37.655303 38.557116 38.257208 37.493208 35.000807 39.375571 39.812581 34.661110 38.935521 39.067166 33.820884 33.141915 34.253264 32.472387 33.315782 37.788606 35.431376 35.767972 33.224715 34.121766 39.100577 37.621314 39.104365 37.718390 32.589290 32.477653 34.519984 37.299618 35.396271 34.201078 34.581084 37.428143 33.503869 32.973143 33.862214 36.091314 33.634368 36.322923 36.035140 33.573154 33.131387 
34.225718 39.240478 39.137544 36.826462 32.287432 34.960832 38.750177 34.388094 33.479964 40.264443 33.369940 33.422218 39.070826 38.465692 32.714722 32.820584 35.304882 38.025412 34.626133 37.755970 35.492937 35.449878 37.785817 37.663675 37.401096 37.629122 32.786838 37.743756 38.571687 32.972990 35.481667 37.017208 32.718669 37.901026 39.494927 37.234768 37.102596 36.562649 36.775665 
33.252987 40.019353 37.352931 32.469085 35.146145 32.743694 39.016698 32.885028 39.332195 40.121879 35.033377 39.186445 39.082064 35.142639 32.734122 36.496803 35.403367 35.912465 35.960389 37.757285 32.376728 35.546533 37.167219 33.931041 32.935562 37.817635 35.329483 37.910447 37.901481 33.336914 37.440203 34.156234 34.903526 36.119854 38.696430 35.777470 38.709684 39.876387 32.287755 34.520264 34.301451 36.042306 
38.003176 38.073788 37.487992 33.329844 37.195270 38.060779 38.749833 32.498476 35.506025 40.078530 34.227325 38.673147 34.152129 37.836977 35.656525 39.975693 32.657560 34.544580 40.517215 33.866772 38.546357 35.903715 37.187186 33.481883 37.008571 38.099768 34.799243 37.836992 33.865369 39.118062 33.763572 32.594339 37.137658 35.126875 33.248408 32.984374 32.901907 32.900255 35.856871 37.524417 
37.713337 37.866435 37.823740 39.590962 36.820206 38.823014 38.515502 32.319918 33.582907 34.662064 39.446032 38.673147 33.275399 33.920179 39.390068 37.889904 36.212554 37.806929 39.681732 40.557321 38.686795 33.208283 38.364113 39.713463 36.698286 36.368966 34.603083 37.843178 36.333426 37.503751 39.415105 32.987059 34.999731 33.851355 33.052103 34.718434 35.522511 32.359783 35.377457 32.963443 
37.493256 36.508699 37.705710 34.474100 33.045850 37.816677 38.872653 39.619578 34.997571 34.743986 39.248430 39.376988 35.807768 38.830742 38.889286 33.187244 36.955536 38.353599 39.736109 33.090945 38.579631 37.351321 38.037418 39.759313 33.480618 33.472863 35.621619 36.858520 38.205503 32.750708 39.297088 32.276074 36.889366 33.345427 35.201484 35.753035 33.674963 34.822804 34.729742 36.570549 32.223885 39.640051 38.568053 
37.609510 37.493605 37.613005 33.549200 35.412763 37.783620 34.045174 36.928487 34.007091 35.795720 40.178144 40.211132 35.794326 36.667501 39.164758 38.438426 37.453906 38.694043 39.327388 38.125857 38.758143 34.480029 38.110866 35.190683 34.837291 34.822153 34.974820 37.032005 35.786846 36.919901 39.413211 40.126010 36.026383 33.224210 35.613109 34.620260 33.841452 32.549200 34.638054 32.288015 35.565596 32.479978 
37.763759 37.904437 37.986503 37.350060 37.985200 32.204683 34.846182 38.235573 38.868419 36.393248 36.833371 37.005430 34.264296 39.518047 39.227682 40.968400 38.358986 38.518453 39.672387 37.983469 38.730634 37.305146 38.110866 36.957602 33.108099 40.481900 36.360235 37.510991 37.706983 39.404661 39.413211 40.325176 35.198953 34.559767 32.132541 34.391977 38.078870 33.820642 34.185403 35.341126 34.756378 35.196133 36.079285 
37.950105 40.053827 37.817404 38.003604 33.671375 37.674873 39.549503 33.778785 34.094675 36.738251 38.670388 39.383839 36.877942 39.502839 38.949758 39.231827 34.316459 34.877064 33.353826 39.071988 38.939360 33.277133 35.402247 32.587323 35.068357 34.784251 35.451227 33.791144 32.174744 39.417869 39.374097 39.691814 35.910129 39.714347 36.450504 38.702777 39.252647 36.343508 38.715000 36.357109 33.955840 39.671077 38.773489 37.451235 34.046843 37.107764 38.163291 32.208577 35.692389 33.267697 33.627223 38.464209 38.207759 34.023887 36.277183 34.565132 
39.071970 35.069154 37.794124 36.462678 38.722030 38.393722 40.024322 33.491441 34.645079 38.327138 33.934782 35.846835 33.503570 38.883858 38.949758 35.085295 33.614798 33.257512 35.497874 34.802190 38.993865 34.620477 35.403430 38.747992 37.325578 34.197988 38.326557 34.529212 33.164075 38.870486 39.366230 38.490137 37.453817 39.160543 34.850935 33.266347 35.684915 39.102886 33.299644 39.501770 39.398732 38.965854 34.557139 39.306563 38.742385 37.319804 
38.963659 34.655683 37.794124 32.413047 37.693636 37.619469 37.048698 36.864077 32.926884 37.066384 40.407150 37.123619 36.342607 35.932891 38.956026 35.649209 37.418309 34.571133 36.242843 32.853268 38.993865 37.047337 38.930289 34.686276 36.957441 36.025772 38.155489 33.509966 38.911837 38.813389 39.357683 37.572792 33.741657 36.673423 35.748247 38.826747 33.830589 36.573472 33.161326 40.368001 38.493039 
39.116707 35.069896 34.207403 34.464171 34.239612 40.700447 36.909934 37.889582 37.064113 33.266908 38.406667 37.316488 39.240975 40.575321 39.179488 35.394687 37.425754 40.003080 33.619931 34.015091 38.436925 37.323764 39.518952 35.152221 32.421185 32.897455 38.129116 32.474905 39.714515 40.371197 39.790103 35.471296 35.883836 33.077355 33.838280 
38.952495 40.482970 36.934882 39.378655 38.762222 34.741658 34.163119 37.123110 36.560696 33.571196 38.147751 36.149976 38.829278 35.129069 35.070075 37.356254 34.164812 34.596701 33.136307 33.504395 38.315441 37.535841 39.322112 36.356664 38.462972 38.232552 37.623376 32.787903 32.581409 32.761161 36.115369 35.905212 34.522044 38.860054 35.271277 39.975347 35.330222 36.700411 38.341104 32.331899 34.488206 
40.047320 33.599611 37.487877 35.637120 32.475145 34.466715 36.199459 37.435617 36.497369 33.158243 38.548977 38.400259 39.011207 35.256406 38.165247 33.974023 36.122012 40.286401 33.466801 39.445181 38.309450 37.234309 39.190319 38.907866 33.200219 38.437620 33.700342 38.544927 34.907462 32.194873 38.145569 38.304249 32.942589 33.947365 35.515445 35.543661 
39.948767 34.300505 37.369191 35.247087 38.210620 33.015638 33.484788 35.588048 36.589523 37.277676 38.607990 38.230183 34.536042 40.069542 33.994825 39.371726 35.991140 39.907157 38.657911 35.537071 38.309450 37.832582 35.969141 39.042474 37.714959 37.559240 33.965150 33.091099 36.639257 39.720830 32.632869 35.115232 32.624930 34.617111 
39.277955 36.068827 36.820716 33.798200 38.843440 35.232229 38.324528 35.071973 36.444701 38.942559 38.695003 38.498823 35.696951 35.351724 39.636424 38.614103 33.486749 33.835847 34.731541 37.633596 38.430001 38.019166 34.126749 38.716459 37.922489 37.322363 35.923890 38.019441 36.725642 38.986183 40.271723 34.914645 33.543264 33.423784 33.340290 35.226052 39.739374 39.812974 35.816683 38.380221 36.606461 33.583206 33.230381 33.096570 33.221653 34.212544 32.519726 34.597959 35.196822 36.961470 
38.626901 37.467485 36.673030 34.522281 38.388904 33.562716 39.886299 33.238511 35.763268 32.837231 38.530281 38.482244 34.873085 36.690459 36.388332 38.443757 36.659782 34.932765 34.644400 35.768539 38.430001 38.266886 35.927985 32.188653 36.951585 37.385730 35.547762 37.432560 36.319480 32.393032 36.177785 37.017678 35.233378 34.956726 37.376305 33.219915 39.185465 37.601693 35.346723 34.076102 34.800565 35.542044 40.304060 35.291786 36.605377 33.956744 33.535927 34.294579 33.084800 37.321288 33.293153 36.234651 33.064216 39.999478 39.740916 
39.226442 32.535591 35.076940 37.699596 38.537754 36.907427 35.828871 33.383578 36.203897 37.341942 34.075115 38.482244 38.606465 38.794401 33.983491 38.443757 36.892354 36.894981 33.983877 37.846409 38.495529 38.450255 35.629922 36.310677 35.764480 36.774675 33.478255 34.606818 32.478242 39.877445 35.740650 35.960663 39.037500 37.366852 32.200939 34.764496 35.073923 
39.787248 33.743225 32.752228 38.408378 38.655261 33.653929 33.111824 33.484939 33.967259 35.316182 35.965550 38.497958 38.452744 39.068721 38.500039 38.443757 36.954223 33.313611 32.403352 36.294115 38.492434 38.526121 36.803130 35.926658 32.394946 37.412263 32.927930 37.036060 33.296049 35.973257 34.400641 33.911631 37.723722 33.376983 36.449989 33.782979 32.561076 36.127129 34.603563 
39.356311 34.326813 36.022825 38.618550 38.394261 39.436405 32.243394 36.514395 36.975648 34.753043 40.616966 38.614189 36.847804 38.734392 33.578890 38.464240 36.683626 38.922369 37.167677 39.856394 38.591189 38.215797 34.603295 39.554285 34.973644 36.906042 34.438170 34.277435 38.026987 38.688388 33.905219 32.311856 38.481822 37.724874 36.200043 34.669914 33.618316 32.233388 
38.812957 34.626541 34.519188 33.218308 38.346438 39.427538 33.986218 36.514395 39.583065 37.054827 38.328145 38.632020 36.337018 38.581887 38.713900 38.607463 32.450657 33.696955 36.410682 32.625805 38.636573 38.215797 36.761267 33.784057 39.567688 36.765203 39.605678 35.768555 37.114546 35.848496 33.697937 37.392329 32.652842 35.208753 38.668043 
38.615831 35.137981 32.460095 32.429856 38.425622 36.699805 34.577994 36.425871 38.901450 34.274303 32.355252 38.621683 36.088413 38.610213 35.785960 39.057266 40.379554 34.281266 33.140832 32.690878 38.594945 37.520500 33.525840 32.462014 37.210171 36.690987 40.523156 37.221098 38.503534 40.429852 36.457658 32.562013 39.190309 
38.282853 37.266181 37.313418 35.047411 38.491423 36.894129 34.587761 36.425871 32.655456 34.157179 35.008323 38.596330 35.645524 38.501415 33.940347 38.890305 35.505532 34.429264 36.646011 36.480567 38.588065 37.174757 34.011873 38.845842 34.250217 36.690987 33.305995 36.936341 38.954069 34.161480 38.689331 34.295986 37.227242 36.778910 32.385897 37.089680 
38.779986 32.861643 37.513799 39.416444 38.690173 32.769054 33.944793 36.098134 35.019781 33.117345 37.355165 38.645827 35.115454 38.317713 33.863434 38.946196 36.898571 34.060198 38.455301 39.685116 38.588065 37.288474 36.956897 37.223283 35.489042 36.849474 34.207647 36.861304 34.075974 32.560422 38.471207 36.526598 
38.376199 33.532548 36.350822 37.519730 36.311005 33.622504 36.821419 40.519886 34.995790 39.311327 40.346927 38.645827 35.280041 36.322074 36.971818 38.750352 37.259692 38.116792 38.383604 36.936568 38.585556 37.272758 38.246276 39.338234 36.215771 36.748881 36.520910 37.305139 39.501394 34.575569 32.870977 37.530836 37.201411 39.253288 36.071240 33.037617 34.268150 34.166790 40.270283 38.709139 32.773609 34.202048 
38.324478 35.627512 35.877386 39.093247 35.946525 35.280443 37.736260 35.380357 33.165851 38.644596 40.147982 38.620273 35.524946 38.686794 33.168851 35.186655 38.369518 38.275765 33.342103 35.049957 38.461237 35.998478 37.972875 40.472059 37.790792 36.768702 33.002128 38.035281 37.596998 33.607348 34.420795 36.640395 39.338929 32.581584 35.001669 32.586155 32.401206 32.240181 
38.656711 38.992136 33.587563 36.264945 36.009655 35.898330 37.109726 37.267568 34.344964 38.835165 38.865228 38.617869 35.513074 38.967734 36.102291 35.928690 36.027665 38.366985 35.242335 38.577817 36.801804 38.525087 34.720683 32.453193 32.431595 36.142410 36.594617 33.942640 39.337806 37.547499 35.462773 35.978734 38.157786 36.591870 32.227507 36.885498 34.802041 39.331276 33.960351 40.425429 32.469602 37.168531 
