  0.086141 499.316576
  0.087918 477.156106
  0.089501 531.470650
  0.089927 533.890686
  0.090403 534.139780
  0.092845 514.812467
  0.092128 507.638335
  0.094676 508.836505
  0.095697 522.604521
  0.093602 555.277243
  0.088744 533.836841
  0.086746 497.522567
  0.092166 539.946248
  0.090361 503.356341
  0.093259 495.455820
  0.093345 527.143666
  0.094005 535.948999
  0.091284 551.917611
  0.092754 494.356591
  0.093415 541.923010
  0.090649 507.011456
  0.087579 526.963297
  0.083975 514.132855
  0.084371 555.766618
  0.085094 548.691700
  0.089010 553.752852
  0.087887 529.259415
  0.091309 527.421560
  0.089692 539.737308
  0.095823 532.974100
  0.092606 530.092233
  0.094618 509.074672
  0.089230 526.584156
  0.087833 521.966672
  0.091705 499.412491
  0.088832 536.264021
  0.083505 526.514190
  0.082444 536.490887
  0.083735 559.671451
  0.081399 550.682102
  0.083577 524.458150
  0.083581 506.476137
  0.084344 511.455811
  0.085112 535.356631
  0.087047 532.018846
  0.088552 524.807005
  0.091056 548.853559
  0.089552 515.657767
  0.089700 528.405072
  0.087956 521.592138
  0.089289 548.646743
  0.085503 526.975578
  0.089617 529.855404
  0.088611 549.385421
  0.091700 518.654234
  0.092101 531.799228
  0.094848 531.307044
  0.100240 515.521482
  0.100737 559.956633
  0.104120 518.666516
  0.097224 556.379451
  0.094651 522.248740
  0.094786 530.635731
  0.090656 512.667316
  0.084791 533.048869
  0.086656 542.258397
  0.084708 509.085700
  0.082590 541.204408
  0.085489 495.269834
  0.086584 540.352304
  0.083572 541.599102
  0.085168 525.584577
  0.089347 497.671819
  0.087582 525.374248
  0.090002 510.513388
  0.088806 530.720357
  0.089441 502.822470
  0.084242 539.356318
  0.086381 523.488633
  0.093053 519.481640
  0.093079 577.979787
  0.094806 549.901257
  0.093953 532.913751
  0.090788 536.590733
  0.089606 503.061907
  0.095573 541.196049
  0.092674 527.307288
  0.096500 509.542310
  0.094672 508.260653
  0.091303 543.279806
  0.091741 519.435747
  0.095333 528.096815
  0.088628 553.139861
  0.091060 541.556830
  0.095173 517.400518
  0.098618 524.193613
  0.092143 498.765048
  0.092652 526.714457
  0.091865 514.171087
