0.000000 0.025332
0.000000 0.026612
0.000000 0.023766
0.000000 0.019301
0.000000 0.015571
0.000000 0.022900
0.000000 0.031551
0.000000 0.035981
0.000000 0.017955
0.000000 0.020057
0.000000 0.038247
0.000000 0.030962
0.000000 0.034751
0.000000 0.033457
0.000000 0.072891
0.000000 0.020731
0.000000 0.020525
0.000000 0.014911
0.000000 0.029831
0.000000 0.018704
0.000000 0.019238
0.000000 0.036206
0.000000 0.022068
0.000000 0.025458
0.000000 0.017697
0.000000 0.014827
0.000000 0.018000
0.000000 0.046029
0.000000 0.019114
0.000000 0.030456
0.000000 0.019273
0.000000 0.010821
0.000000 0.018081
0.000000 0.039808
0.000000 0.024325
0.000000 0.033971
0.000000 0.029336
0.000000 0.029772
0.000000 0.027555
0.000000 0.028009
0.000000 0.020552
0.000000 0.023510
0.000000 0.018359
0.000000 0.021474
0.000000 0.019688
0.000000 0.061065
0.000000 0.023656
0.000000 0.028864
0.000000 0.034841
0.000000 0.023253
0.000000 0.021492
0.000000 0.029661
0.000000 0.045600
0.000000 0.020024
0.000000 0.026649
0.000000 0.044441
0.000000 0.025118
0.000000 0.024861
0.000000 0.029380
0.000000 0.041243
0.000000 0.026585
0.000000 0.018408
0.000000 0.019401
0.000000 0.019576
0.000000 0.047949
0.000000 0.017046
0.000000 0.029443
0.000000 0.016176
0.000000 0.018843
0.000000 0.022784
0.000000 0.013156
0.000000 0.010931
0.000000 0.012555
0.000000 0.021132
0.000000 0.016495
0.000000 0.014256
0.000000 0.017771
0.000000 0.028097
0.000000 0.038611
0.000000 0.024769
0.000000 0.027353
0.000000 0.037450
0.000000 0.031953
0.000000 0.033931
0.000000 0.021004
0.000000 0.029442
0.000000 0.020493
0.000000 0.017004
0.000000 0.024888
0.000000 0.012721
0.000000 0.014559
0.000000 0.016256
0.000000 0.025556
0.000000 0.016513
0.000000 0.024448
0.000000 0.041548
0.000000 0.031664
0.000000 0.026207
0.000000 0.015223
