-0.176672  0.786970
-0.481684  0.764169
-0.019645  1.053917
-0.188623  1.750459
-0.228944  0.731117
-0.306252  0.715341
-0.252649  0.818393
-0.163157  0.938458
-0.330034  1.006375
-0.107805  0.912753
-0.215855  0.814082
-0.131682  0.431630
-0.111099  1.082102
-0.143678  0.591051
-0.131593  0.937922
-0.179912  1.378437
-0.221609  0.966251
-0.229523  1.360931
-0.082996  0.408080
 0.139815  0.920832
 0.005038  0.767880
-0.122483  1.289153
 0.063198  0.984557
-0.179825  1.289848
-0.026670  1.222988
-0.086208  0.713029
-0.019150  0.990041
 0.043815  2.007759
-0.196179  0.777550
-0.082474  0.704482
-0.091104  0.701294
-0.079246  1.324148
 0.004518  1.047467
 0.085388  0.775188
 0.041101  1.747849
 0.173116  0.997554
 0.371430  0.898665
 0.430760  1.570667
 0.293859  1.317189
 0.344158  1.123321
 0.245418  1.224896
 0.142472  1.325009
 0.134677  1.329377
 0.098616  1.469911
-0.013284  0.951169
 0.126611  0.761912
-0.020292  0.780824
 0.086989  1.429331
 0.210729  2.598863
 0.027068  0.986660
-0.052761  0.690942
-0.115547  1.084509
-0.282700  0.588842
-0.033416  0.927643
-0.063341  1.091938
-0.066896  0.772151
 0.124136  1.058999
-0.029088  0.549318
-0.189473  0.866108
-0.046557  0.954247
 0.049486  1.053927
-0.092766  1.275702
-0.024136  0.995317
 0.267690  0.828344
 0.394247  1.266863
 0.279904  1.673436
 0.188335  0.980779
 0.060344  2.131524
 0.173786  1.566550
-0.148448  1.167595
-0.288206  1.325962
-0.347202  0.601040
-0.280564  1.041423
-0.309810  0.966168
-0.105376  0.783031
 0.239139  1.288734
 0.259349  1.063072
 0.198532  1.170919
 0.055042  2.255593
 0.122744  1.168044
 0.194610  1.560178
 0.302154  1.434197
 0.443981  1.463232
 0.310020  1.685119
 0.246333  1.251536
 0.272206  1.169699
 0.203502  0.945025
 0.313936  0.796526
 0.225645  0.991571
 0.054916  1.010852
 0.064566  0.652343
-0.013128  0.870645
-0.068589  1.956208
 0.091057  1.107531
 0.099199  1.167718
-0.049632  0.874865
 0.272419  1.132222
 0.231985  1.285248
-0.120321  0.972647
