38.976978 35.924373 39.938878 34.087489 32.222887 36.190016 37.434327 35.872496 40.372442 37.774070 35.728050 36.843496 37.688631 36.709958 34.931885 37.004926 38.258333 
37.933205 32.409045 39.533626 33.079380 32.612260 35.737573 35.943616 34.477844 32.293807 37.892905 33.154608 33.509503 37.919215 33.654434 35.443855 36.961139 36.679806 34.622088 37.211568 39.056650 37.785511 37.003980 36.176648 32.656353 35.569230 35.732046 34.630112 35.267971 34.203743 35.635284 37.404109 32.149281 33.466654 
34.819870 33.870302 39.201910 39.638275 36.287535 37.415957 37.577912 33.641334 39.299417 38.024786 39.781922 36.505205 33.177601 32.151397 35.062284 36.445779 40.771220 35.584883 40.720640 32.204344 35.134055 34.439831 36.442619 39.908930 34.965430 37.550252 35.208343 33.797022 33.114661 
33.701732 37.234389 39.240234 34.577440 35.410099 37.415957 32.974823 34.663454 35.651964 37.983728 35.390951 37.200636 37.429098 33.050947 37.822777 38.268647 34.183193 37.323789 32.393633 37.114562 34.751779 35.043420 34.198634 33.344588 37.851198 33.800715 35.277789 33.290937 
37.505921 34.190391 35.614837 34.676619 38.352205 37.415957 38.610129 33.028618 33.689394 32.169794 32.889321 37.200636 36.502218 33.937108 39.091614 36.132857 36.995966 38.174334 39.270710 36.462727 34.198956 32.191945 32.222652 32.685169 32.276478 35.131001 33.464988 37.313117 
33.362447 36.162253 33.586541 34.660284 33.825780 37.298797 35.155014 35.159317 37.711959 37.138781 33.974581 37.200636 38.429965 34.222263 37.578181 34.574437 37.380436 34.400107 32.545776 39.024389 39.592447 34.315074 35.422124 35.316236 34.563300 36.944733 34.235648 35.383564 33.858435 34.365178 
32.213669 39.092489 36.919665 37.427640 38.398523 37.274831 34.668892 39.488988 36.568720 37.096359 36.517918 37.230021 37.837044 33.798606 37.578181 37.399450 37.173108 34.533478 32.779437 36.282487 37.152099 32.663622 36.875158 
36.583674 39.332924 37.260159 36.612424 38.797522 36.173783 35.042120 36.047675 35.482721 37.096359 38.955763 37.230021 35.497834 32.173789 39.480854 37.204527 34.240849 35.087564 37.808201 37.291005 34.348152 38.129189 35.709669 
37.474264 38.391534 32.737013 37.596909 32.984972 39.201330 37.997561 38.248364 38.762545 37.168037 35.351964 37.230021 32.551595 32.770602 35.443012 33.947588 35.034425 33.098029 33.357311 39.469172 35.977281 33.983573 34.617231 33.480405 38.850062 36.250462 35.675325 
37.239305 33.804171 37.230021 37.262472 34.131697 38.926250 34.447905 38.817515 36.773565 32.522394 36.100150 36.386054 38.524890 32.309112 38.279774 36.530925 38.887652 35.521151 33.734890 
37.239305 34.477179 37.368127 37.244019 34.738692 38.751547 39.482094 35.848850 34.266634 39.325949 38.502352 37.275888 36.642463 34.862539 33.361894 33.190573 33.654530 
37.746378 39.014076 36.433688 38.090911 34.500844 37.822925 39.867778 37.885115 32.704981 33.456099 32.316313 34.245076 34.949501 38.111535 32.319708 35.057927 37.606182 36.854351 33.561863 
37.740465 34.259867 33.167668 32.167990 33.073426 37.822925 38.790537 37.863884 37.367871 36.185489 33.444849 35.459318 36.419039 33.393805 34.160835 32.828786 34.093189 32.201618 36.121826 32.753851 36.184074 36.858789 33.041953 
38.263062 40.386906 38.948461 33.042215 36.233938 37.822925 37.552107 32.420210 37.315639 32.226199 39.745776 38.392026 36.097760 35.402872 33.663562 40.294628 33.010563 32.364268 32.478319 
38.263062 34.206033 39.547777 32.706600 35.465383 37.753900 37.654723 38.307049 37.315639 32.935155 35.784103 38.577398 36.238747 40.725044 
38.263062 35.439108 33.204679 34.493301 32.411462 37.669400 39.038107 38.687593 37.381531 38.049254 33.092786 39.602762 36.334880 33.597899 32.850607 34.758454 36.361749 34.449510 33.013771 33.882425 33.969829 35.655179 35.773694 34.412637 32.302276 32.873945 33.459190 34.325633 
38.263062 33.851509 38.205093 32.868444 37.488770 37.669400 39.185545 33.274555 37.841215 33.612140 34.283605 40.054329 32.251724 35.034403 35.565987 37.301966 34.746056 38.633816 33.039215 32.215106 36.951090 38.572706 34.529369 38.559128 36.281523 39.257042 36.318796 
38.270326 35.642474 34.030820 35.541124 36.921305 38.056046 38.080508 39.828768 37.841215 33.667307 33.851471 34.754117 38.378569 35.982154 39.662995 40.352283 35.158788 38.625527 35.753624 34.799813 32.890685 34.059258 37.248133 36.114186 36.588166 36.848851 33.354333 
34.454982 38.319338 33.107460 36.137705 37.946424 37.895000 38.080508 35.756276 33.728488 34.389468 33.355352 39.712812 38.378569 33.647991 37.361160 35.269754 37.550121 39.276555 34.724990 32.645034 35.231511 
35.045913 38.492691 40.176032 33.641292 37.917458 37.490561 39.675246 34.080112 35.844473 38.359997 33.392047 38.153743 34.150517 40.016815 39.226641 32.306874 40.448480 39.534918 37.043382 33.345041 37.080293 33.597080 34.682043 38.069604 35.808441 34.292243 32.532153 37.962401 35.350644 34.628021 37.328514 35.208866 33.378812 33.281562 38.298846 
34.855887 38.458929 37.401300 35.210918 37.595897 38.155400 33.337139 33.749558 32.905112 33.289056 37.566107 32.703590 34.876734 32.348436 39.474264 35.804150 41.135440 37.238378 33.422191 37.255708 38.147314 
33.952084 38.775290 37.401300 37.327578 37.435873 38.833031 33.420801 39.885785 34.917205 35.546380 32.721017 36.981830 34.114215 34.288276 38.641078 32.655863 37.303617 34.370150 37.828186 35.866288 33.232377 32.793856 36.856489 37.544809 36.716048 35.766544 35.259034 
36.323676 35.668076 39.003799 34.028548 34.408512 38.833031 36.883332 36.587627 33.026612 34.630886 37.391282 36.557443 35.142504 38.556804 38.772184 33.792485 37.861129 37.860874 34.894233 38.209178 37.529518 34.014139 34.491158 
32.396907 32.719179 34.841649 32.951596 32.626927 38.726510 34.250911 40.215436 32.624625 32.801929 37.387808 36.342910 34.691139 35.442861 37.178050 34.051544 32.135976 32.460342 34.724504 35.143745 36.888136 32.160529 35.417496 35.800200 33.167974 
32.786436 37.852988 37.232756 33.660746 38.994229 38.726510 32.644068 37.705655 36.400970 37.188255 34.579301 38.440616 33.635696 33.054972 32.304226 32.671450 37.288231 35.422088 35.894461 35.521719 33.239038 32.688398 34.988996 33.375258 37.798478 35.675171 37.923365 36.624700 
32.450345 39.710260 36.526251 32.210066 35.026676 38.726510 32.298315 37.705655 36.239181 34.470321 32.586615 34.994213 38.793797 35.609811 36.832472 34.987769 39.043787 40.073238 39.597758 35.215497 32.613353 32.307238 33.553292 38.455370 33.733989 35.995515 38.331280 37.558794 35.549789 39.324396 35.731021 39.399013 38.582308 32.333610 38.195369 36.022775 37.971583 38.566799 33.248988 35.006254 38.735963 36.059134 
34.906460 37.965291 39.905878 32.694508 34.677486 38.726510 34.276684 37.705655 35.402858 33.059794 34.913906 34.962853 33.335311 34.152332 35.387039 36.481465 36.592230 35.356092 33.066106 39.326431 32.670660 33.375299 35.863770 36.747523 33.919361 40.168240 35.095310 38.787088 36.568063 
35.150345 37.903964 40.704200 32.702842 36.381081 38.726510 39.657092 37.705655 37.369258 36.547199 33.666936 39.825376 37.190658 39.834521 32.138676 33.099327 37.524038 37.108025 
38.861148 36.436624 32.407367 35.807753 35.801652 38.726510 38.921234 37.705655 40.371280 37.778504 33.769512 32.343066 34.078304 40.205613 34.332882 35.667398 39.036316 40.639823 39.616433 36.543226 33.643916 38.126765 38.631002 37.439342 33.693824 34.409870 37.974860 40.446509 32.596123 
36.434303 35.061514 33.474950 34.143661 36.830397 38.726510 37.794569 37.705655 33.369557 32.323561 39.139915 32.373772 33.326349 38.975239 38.866302 36.980224 34.034427 32.629074 36.768865 37.272412 35.183044 35.926221 37.174338 39.188030 33.699912 
34.158828 32.743401 35.848040 39.616424 35.957591 38.726510 38.745545 37.705655 32.162727 36.951879 37.661699 39.872367 33.845887 39.216591 36.156552 40.432597 40.490353 33.535086 37.731584 32.180395 39.990841 33.042205 37.126684 34.666606 33.269337 32.134449 36.528428 36.356848 35.262057 40.261624 38.098259 32.714432 35.503914 35.362221 
37.002038 33.775844 32.860735 34.381540 37.630341 38.726510 35.716843 37.705655 32.331608 33.398475 38.326931 33.110248 32.602254 40.021914 36.227493 35.414762 36.139580 37.679169 37.873570 40.869932 38.184519 32.502320 37.244546 39.153032 37.144013 38.066026 38.186583 33.302984 33.069024 33.836608 35.708942 39.150184 33.330891 38.577284 36.992492 36.063993 36.579250 34.216041 33.844078 33.672982 35.456588 35.841922 38.654651 35.854616 38.277045 40.052791 36.324830 32.854038 32.257753 32.855027 40.266912 
35.567324 32.354279 35.020750 32.937431 36.058285 39.037739 36.947294 37.705655 35.461544 35.331730 40.730512 36.240060 39.102105 39.763254 39.312427 32.473906 32.432827 32.815700 33.436142 39.710620 33.350416 39.305654 34.386332 32.887579 32.344588 34.268211 38.697980 36.107837 
35.139071 38.944893 32.283144 32.615135 32.272065 39.037739 35.269081 37.705655 35.243746 40.585172 32.953933 37.097663 32.755202 38.444193 36.310281 40.064894 36.843795 36.880723 38.707170 
37.523963 34.480877 36.331791 38.551660 36.898896 39.037739 34.227611 37.705655 39.091159 39.968685 38.656779 34.612442 33.728370 36.683536 33.005341 33.317335 34.997743 38.902187 
39.259043 40.925700 36.077510 39.547099 37.822801 39.037739 33.877665 37.705655 36.826056 34.827716 37.343166 37.568224 35.128125 
40.561452 33.882308 34.723443 33.864111 38.747401 39.037739 40.063834 37.705655 33.866591 39.232285 34.005425 33.858253 41.213119 32.449091 39.801882 33.177705 34.394930 38.234818 32.196711 35.027764 32.389438 35.294902 
39.469458 40.421957 32.398356 35.448787 38.190956 39.037739 34.757018 37.705655 36.207492 36.608498 35.427141 34.656622 36.414663 33.020512 33.332923 34.074899 33.532064 
37.221898 34.254822 38.328183 35.346795 37.189269 39.037739 34.400697 37.705655 34.630523 35.252482 38.254815 33.135350 37.307103 39.134633 35.319228 34.164355 33.231308 36.449664 
34.629974 35.995521 37.970888 33.640356 39.060322 39.037739 34.510771 37.705655 34.001746 32.482370 32.428080 34.701908 32.305802 36.330231 36.163887 35.238254 34.490475 33.685125 
33.587771 34.255235 36.402517 38.503615 34.433096 38.857434 34.822207 37.705655 37.550867 35.589423 34.267031 35.905471 32.926296 38.344430 36.031028 34.571632 33.982962 34.485509 33.479393 32.553044 40.029157 36.706621 37.083885 39.244086 38.613181 36.413196 
36.585767 35.771473 32.900770 35.595509 39.499785 38.467291 33.727335 37.705655 38.531059 36.289986 36.929909 35.232713 37.082071 37.334591 36.732529 33.057453 36.542688 38.235949 38.996491 34.937062 38.350648 
34.115231 33.404271 33.281849 36.514548 36.912132 38.467291 39.056161 37.705655 33.840449 38.210428 40.044682 34.880184 40.951935 35.347963 38.452209 39.039881 37.292033 37.749236 33.202802 35.725231 33.948607 35.184959 35.034703 37.507653 39.778133 34.437180 32.392464 32.822916 35.520485 33.892028 
39.022927 35.460681 37.300375 36.155101 34.005780 33.189798 38.728927 37.705655 36.548938 37.847876 38.268916 34.256648 34.359880 33.852897 39.116948 37.514061 39.970782 36.267306 35.334878 33.620078 32.402789 36.455951 33.422999 36.852782 35.106528 
37.284975 37.555304 37.419754 38.317205 34.880615 37.680213 38.728927 37.705655 40.061428 36.809302 35.387421 35.947589 33.185769 33.278243 36.026480 36.215101 33.677954 33.282881 33.821828 34.525856 35.011262 32.460367 
36.169889 38.993865 37.089430 34.332359 32.331453 40.544900 38.728927 37.705655 38.117543 40.159822 35.902726 38.886222 34.767204 33.370571 32.580848 
37.257633 37.226557 32.409934 33.734950 35.181983 40.772982 38.728927 37.384934 35.870944 41.215716 35.323067 36.761603 32.246694 33.151080 36.102014 33.420212 36.365148 33.930056 32.390538 32.791946 40.307372 33.201590 32.977599 34.388517 36.299933 36.723726 34.692707 36.804025 38.784799 36.561189 
37.460682 38.659276 32.593860 33.602195 37.551120 34.037213 37.958332 37.736863 36.519880 35.356681 36.208465 36.781436 38.487243 32.741934 34.398862 39.502249 39.658732 33.324507 35.900647 35.584714 34.695934 36.841973 34.694255 39.816351 
39.554675 38.980749 33.856091 32.770622 33.494951 35.617273 38.787756 37.736863 36.689400 39.020542 35.399162 34.463130 32.881860 36.728476 33.218159 36.578753 36.478902 33.735438 37.820758 34.896939 36.434977 37.508169 33.483533 36.201912 33.967927 34.444413 
38.555921 38.805771 34.833069 35.810346 34.480816 34.253638 38.787756 37.721041 38.068141 36.277447 34.857466 34.569295 34.194704 37.558188 37.251327 33.192836 38.148606 34.075112 32.965283 40.164524 33.985637 37.094332 36.989748 33.457142 37.110509 32.174183 34.350021 35.257835 32.429702 33.708604 
34.702177 38.907363 33.771867 34.759115 35.470414 37.649070 32.217168 32.266844 38.145501 37.126429 39.167824 35.109440 35.742224 36.367487 33.982482 35.930449 35.214666 35.095283 39.121956 35.611275 39.388056 35.917764 40.335188 33.334805 33.486147 
36.131207 39.004517 38.474477 38.712396 34.967226 38.018654 33.039310 35.483220 37.268049 32.363377 38.711648 38.394553 33.204533 37.016768 37.630758 40.493412 36.914177 37.335673 35.152405 36.880800 36.330515 34.763684 33.814068 
35.632359 37.630924 35.156649 36.385813 35.081125 32.834530 37.417603 37.643314 39.158637 33.576661 38.289275 35.889573 39.134970 32.904325 33.009119 41.401121 33.175666 37.092646 
33.708415 39.873673 36.419959 37.297339 35.431951 38.431614 36.535625 37.858540 39.289323 38.159583 33.725745 34.059932 34.935224 34.909861 38.176713 32.393356 
38.334166 33.996066 32.820217 36.063705 32.197951 38.826043 33.245617 39.003995 39.714621 37.429296 34.710297 34.886635 36.695905 37.549308 34.530193 35.868343 35.376743 34.034072 32.462207 35.707271 
37.281451 34.241303 37.419417 32.486608 37.095236 34.476438 32.650434 33.189739 39.714621 38.256465 34.330990 33.991938 40.006072 35.786397 36.307651 36.530484 33.703094 33.622788 37.896492 32.659019 38.800892 32.730006 
33.702487 39.334826 37.721450 32.918583 37.398579 34.479029 34.147784 34.426581 33.858941 37.162638 37.843044 37.839103 33.451328 38.630166 39.678955 33.627980 33.661827 33.625975 34.709743 40.687573 38.041558 
33.597190 32.907227 37.316345 37.493606 37.151143 35.531401 33.211541 33.151768 34.518873 36.919883 39.673995 34.062284 38.478371 39.052947 37.453089 38.067873 35.065519 33.202033 
37.150620 34.731074 37.139799 35.536650 39.238761 34.584681 36.433583 36.377181 33.719288 36.919883 32.560589 36.370726 35.828068 38.904829 34.885079 39.530749 40.363567 37.008288 34.861803 34.481592 
34.442239 37.861025 37.021492 32.278730 35.300173 36.567071 37.501052 35.386828 32.515271 37.008993 37.582446 37.878764 39.538865 38.904829 34.473091 34.713688 39.091880 34.222765 32.740620 36.193343 32.842061 36.326131 
40.503369 35.739458 37.299929 39.304612 34.318915 34.885977 38.156492 37.166757 35.852009 37.563186 34.223111 32.230633 38.356254 39.242009 37.465314 39.374474 34.397809 36.507234 34.586677 35.798511 35.705740 
36.158362 35.616512 38.195435 36.031804 38.266362 35.148841 39.101588 37.355695 37.213787 37.874762 37.466686 35.030965 33.169146 37.629639 33.549514 40.145353 35.226092 34.516633 38.246038 38.769763 35.785311 39.055414 35.766926 32.373507 35.901176 32.724883 40.241934 38.218365 33.684186 36.418363 36.798191 34.484832 39.084869 36.996258 34.055238 37.019355 32.227110 
37.760244 38.940505 36.886257 38.867832 32.137605 33.817117 33.142819 37.880571 32.365981 37.874762 34.188905 34.574272 39.585214 38.576149 35.908673 36.189684 35.912762 32.194186 38.345397 35.865157 37.602925 34.681899 36.543904 34.350914 36.635615 37.074105 37.362366 34.883673 36.959695 32.197074 32.878749 36.763514 34.428357 33.939365 
34.320372 33.189639 35.056554 36.078159 34.427696 36.740772 32.266096 38.014486 32.329576 37.471815 36.927965 34.718255 39.667445 39.016569 35.903762 37.986067 32.475460 38.133950 39.174996 35.511281 39.102116 36.749077 35.009575 37.368956 34.401028 34.661855 36.441350 35.291185 32.306540 40.282347 37.809715 
36.740501 33.262402 37.967015 35.730615 33.549542 38.788401 34.487952 33.960125 35.578805 37.185741 36.141597 32.848859 36.493001 33.135430 37.049628 37.392790 36.647901 38.322624 38.835120 35.384944 37.962474 33.171408 36.077742 
36.417151 35.655945 34.140318 34.471545 39.187845 32.320465 36.256800 32.141412 35.578805 35.599302 36.075376 32.256087 36.312536 40.019461 32.557264 37.392790 36.508716 37.655415 38.038702 37.482899 32.243752 33.550019 37.509374 37.814441 39.994460 37.934930 34.645476 38.255391 35.795906 34.781401 33.603909 37.353237 36.641676 32.125193 38.992300 
35.152058 33.561092 40.724495 36.019739 32.883653 39.357536 34.030308 33.788451 34.300538 37.095183 35.502717 32.271607 38.105539 35.046451 39.159109 37.392790 38.491195 37.976470 39.143544 35.576674 33.629294 36.505265 38.002836 38.640028 33.039543 37.494253 38.174817 32.629137 38.185090 32.590164 35.994512 
32.761265 32.839911 39.855049 35.435011 39.161390 34.391660 36.602458 34.869807 34.427104 37.450423 35.344950 32.273148 35.549306 39.567110 33.853217 38.187298 36.913685 39.800765 39.143544 34.056624 35.831057 36.073317 36.368119 33.056387 39.247591 
32.385983 34.554511 34.435972 34.393469 39.143544 38.808057 32.510021 34.075056 34.435495 37.010352 32.732699 39.256125 37.057304 33.093594 36.088775 37.739669 39.608633 39.312816 39.738833 36.430745 35.234699 33.604210 
35.819720 34.271957 34.772792 37.590041 38.613444 40.034674 37.025830 34.254260 39.509510 38.024927 36.823651 38.583912 37.205242 35.680458 33.515556 36.937116 40.662521 35.985833 32.737778 35.177329 35.032581 39.285115 39.107621 35.368854 40.133773 40.386295 33.525725 38.213875 38.008504 32.615975 36.833617 35.383013 
32.521169 33.868414 32.769330 37.590041 38.458001 37.554262 33.542023 33.942409 36.279759 38.122666 36.404427 39.387763 33.706490 37.740647 33.406294 37.036513 35.907401 32.912495 34.270635 34.940460 37.392840 33.967836 40.401354 33.540134 34.141214 34.990342 36.398271 35.694701 36.852650 33.520311 35.022902 34.014074 
37.489395 39.015523 40.313535 32.599410 38.458001 34.888867 37.126734 39.313266 34.846202 38.122666 35.523305 39.659514 32.606889 33.156284 33.150943 38.190850 36.108626 34.236645 33.339207 35.759339 34.884733 35.789055 39.489855 33.179734 35.279446 33.303462 
37.799870 38.281425 37.453609 38.980741 39.028721 32.235809 34.718627 32.743229 38.194879 38.394679 36.888874 37.810808 34.831840 33.209670 34.888924 32.590665 35.608960 33.824292 36.369409 39.182413 33.437525 35.553010 36.559172 33.073376 33.097754 32.703340 33.359872 
33.492544 37.821734 37.199744 34.079175 38.432540 32.995495 37.424854 33.006932 33.936162 38.394679 35.039158 38.908727 34.436184 38.467142 35.083008 35.223146 33.198061 40.521335 33.691320 32.899953 39.054359 33.464596 36.070742 35.754468 36.620759 33.757651 32.358398 37.896256 33.229308 37.627724 34.367297 32.844587 
34.349731 37.821734 37.475668 36.202994 38.138224 32.771514 38.670808 36.504820 33.077924 37.559160 32.564312 39.108506 32.471631 33.934610 33.004093 36.058461 33.337135 32.968553 36.183656 33.636931 35.798755 34.687601 36.489257 36.318616 32.614770 33.255663 34.558499 32.894484 33.284533 34.551649 
36.102327 37.220713 38.849399 37.857564 32.818510 38.715409 39.918039 33.018638 33.524632 37.958324 40.860848 39.168799 34.423583 36.875998 33.427907 40.589851 35.233759 32.863668 32.609170 36.471392 33.831282 33.374496 35.685734 34.435221 33.281544 36.601190 35.228096 38.197829 32.217189 
33.084227 37.752960 37.583315 36.538072 37.445145 37.639699 34.532191 34.709518 39.782574 34.864295 35.346117 39.081381 32.750122 33.995023 35.839289 33.101889 34.115496 34.426722 35.404405 37.593358 37.364691 34.644312 34.789655 38.986251 38.457015 39.377902 35.113912 34.972120 33.769746 33.667231 34.286615 34.563997 38.845368 36.877257 32.717084 34.585073 36.657269 
33.410199 39.845625 37.177137 32.481487 37.371437 33.527733 32.763275 40.749113 34.219312 36.443601 40.282664 38.940806 32.321637 35.752961 32.734050 34.296944 36.430919 37.523698 36.114262 39.383167 37.799922 36.982958 39.008405 35.117582 33.090554 35.956395 32.420539 32.797765 38.520350 36.316779 35.579543 35.235525 34.438897 32.640368 35.879060 35.497471 
32.538513 37.877811 37.169847 32.542702 38.210069 38.803619 36.228425 37.266562 39.119761 37.494830 37.261387 34.353375 37.000487 33.607810 
36.320122 40.289921 37.169847 32.300432 33.692054 40.544901 34.208997 32.930787 39.287953 37.714314 37.261387 36.222408 35.395480 32.447176 38.549582 
38.215334 37.715683 37.383709 36.194942 35.943714 36.330872 37.800959 35.562481 37.898884 37.410049 37.663827 40.192749 35.525256 37.022751 35.881602 35.458900 34.995155 32.646956 
32.503010 35.664406 37.571785 38.424406 34.992044 37.452901 36.361051 34.154084 37.898884 37.410049 39.025042 38.683924 32.443856 38.204453 38.525322 33.414393 36.305206 38.398883 38.057688 36.464892 35.806193 35.184585 
38.285360 38.678328 38.060478 38.847132 37.045192 35.320661 40.460489 37.401288 36.945202 33.463925 34.271473 32.834027 37.218564 
38.737574 39.428493 38.202522 39.599407 37.494884 34.331616 37.031615 37.503195 32.817331 33.979798 34.175335 37.592564 35.226776 33.451167 37.599834 32.671233 36.038722 40.548861 35.201081 
38.566492 32.912725 38.629777 33.389883 35.869599 32.763186 33.252614 36.001655 34.221249 35.435134 35.235481 37.228687 35.659315 35.818204 40.143772 36.731754 38.865089 37.758477 33.560754 34.177942 32.671451 36.384061 38.626091 33.696285 39.586894 36.182277 32.949195 39.517029 34.069601 37.938562 35.179981 33.286235 33.785292 33.696030 33.813608 34.140824 32.491289 33.978343 32.413843 
38.325057 32.562101 38.629777 38.330916 38.605202 33.013370 34.324312 33.567391 39.517086 35.023687 33.655235 36.595699 38.870028 36.808825 35.194147 37.198123 37.302327 34.361249 39.537564 33.861779 37.576679 33.771348 32.947122 
35.344175 37.784796 38.629777 40.008429 38.231327 33.259760 33.127119 37.888684 39.918118 35.013571 34.724248 36.282075 35.784984 34.797680 40.453231 40.145448 37.589755 39.873396 39.537564 33.864690 40.193025 36.066463 32.166918 38.161000 34.908780 34.094861 37.447910 36.036161 32.591986 40.419265 35.776631 39.208717 
39.429197 33.813353 38.534058 34.454916 38.231327 39.238764 37.414104 36.829430 34.825661 36.993820 40.457855 32.654255 34.494092 34.839319 37.385041 39.773006 32.940375 35.150443 38.392417 32.861315 37.706920 33.350858 34.315492 38.559429 35.222382 32.900662 35.543717 36.853998 36.365645 39.940609 41.321234 34.662112 
33.274522 35.064099 38.534058 37.220293 38.716160 32.893073 34.309856 39.279585 37.808722 38.487693 33.573765 34.386416 33.663012 34.880648 39.799443 37.455874 36.088067 33.681912 39.512449 39.618689 32.675373 37.058434 34.109237 33.432914 33.088625 32.963720 36.931670 40.024448 37.361113 34.221683 35.818297 35.303148 35.117636 37.900416 32.313427 
35.703121 34.833246 38.534058 34.713921 38.463901 34.650855 36.816538 33.320008 38.188160 33.966976 39.491387 33.171292 33.890739 39.661350 33.386896 37.627018 36.195450 32.202084 36.528987 35.100751 34.298696 39.154486 34.342858 33.221736 37.236137 34.248393 37.156803 32.704943 33.242826 35.893370 34.445727 34.228401 33.727174 33.180357 34.345519 37.202787 40.021669 38.385222 37.327668 32.583926 33.465712 32.337265 
33.282728 35.120783 38.534058 37.481509 38.439199 39.347545 32.184528 34.092113 35.698314 36.850588 35.616112 40.520230 35.412695 39.677579 36.928696 35.929379 34.355036 37.153836 34.339131 33.012969 36.867966 39.132447 36.134041 34.059630 32.936440 38.092321 34.648829 33.629699 38.414904 37.968622 37.930503 
37.619101 36.060843 38.741559 35.913150 38.408376 40.575262 38.691826 36.922122 37.661988 33.422257 34.653734 33.818633 39.405733 36.314221 32.972550 33.371519 32.214223 38.059520 38.459948 33.534073 36.544797 39.314533 36.014478 39.275172 35.721702 33.796352 36.852554 38.341305 37.884757 
37.730712 33.295161 38.298307 38.038261 32.225938 34.815264 36.936820 34.300036 33.215168 37.347188 38.523437 34.733233 37.458567 35.250670 35.464213 38.670704 32.922883 
34.074938 36.365585 38.298307 32.459990 35.007951 37.914903 38.907597 35.142368 34.880390 33.082166 38.340919 37.227682 34.043518 37.307963 34.597234 34.748840 32.172309 36.667052 35.975291 36.640273 36.885595 35.094375 32.357500 
32.578365 35.161461 38.203945 35.041174 38.381078 37.914903 39.808425 37.903443 37.403372 39.299055 38.340919 37.181882 34.193469 32.772722 36.333383 33.440047 35.500860 36.315417 37.143840 36.735577 32.482680 33.189342 33.096903 38.600287 32.778551 38.120084 33.118623 32.478100 
33.974887 39.389697 36.822785 36.962608 36.747080 37.788720 39.175097 33.516842 38.221710 37.487532 34.722901 38.544302 34.923196 32.204684 37.021108 33.026733 38.019188 33.405377 40.533382 32.777247 37.060362 38.585714 34.767090 34.965767 34.640756 33.033025 38.755613 
33.895735 40.337807 37.180115 32.124146 34.056981 39.466189 38.822893 37.834317 38.519661 34.169400 36.734023 37.493894 35.386951 32.212698 37.211501 32.352357 38.060127 37.640385 36.916305 37.675080 32.732046 33.973962 36.435755 36.483089 36.005918 
37.216904 33.439030 35.018867 35.452193 39.951440 34.050430 39.676201 37.223882 38.335027 34.950158 35.603888 35.192952 35.129224 39.675857 33.321353 36.269211 38.332789 34.057353 39.583035 37.561160 33.262017 35.221931 36.649022 37.557334 38.603249 36.607589 35.909495 34.254665 39.098252 
34.930945 34.239961 38.505341 33.766087 38.624924 35.680155 38.858626 32.593748 38.469474 35.412759 36.903492 36.521647 35.129224 33.421624 40.378369 35.780492 38.332789 33.103708 39.852945 32.310287 35.839683 40.093245 32.703743 34.446449 39.119877 34.900624 32.522936 38.608117 35.355903 34.648995 40.130733 37.020267 38.343079 34.493777 36.951405 32.179926 36.107801 
