-7.314090 -12.034973 -3.177006 -19.787060 -10.624122 -9.764314 -9.508604 -4.465592 -10.623025 -3.233103 -11.813250 -12.854200 -7.357416 -4.418901 -10.776562 -8.063806 -14.982852 
-7.712887 -14.409824 -3.453280 -14.956009 -20.418510 -9.056871 -18.857191 -4.450239 -16.866913 -3.486551 -7.787842 -5.824392 -7.287766 -5.158782 -18.049562 -8.869251 -5.893619 -13.757930 -5.992470 -11.964647 -7.524532 -11.813753 -6.460762 -6.729639 -2.245533 -12.924768 -3.161431 -18.381751 -8.969213 -6.740436 -11.880082 -12.888181 -8.935264 
-11.967450 -3.488749 -3.218307 -14.382327 -18.851812 -7.617892 -4.251355 -10.134224 -7.898385 -3.881225 -14.224912 -13.394409 -8.817571 -5.761499 -8.739552 -11.336507 -14.639730 -10.627775 -2.364718 -6.693925 -8.017114 -10.544085 -11.751925 -14.219686 -17.701224 -3.378800 -14.252296 -18.000018 -6.662948 
-15.730020 -16.509530 -3.522472 -8.394480 -16.934115 -7.617892 -18.155955 -20.021755 -4.743914 -3.767568 -5.836804 -5.957206 -7.919194 -11.458577 -15.943639 -14.778704 -17.720760 -15.741388 -17.316773 -12.662285 -12.189298 -6.793491 -16.146825 -18.090524 -15.084969 -2.348825 -13.562628 -6.504238 
-8.400371 -8.526564 -3.129189 -8.949535 -16.706932 -7.617892 -13.572910 -9.090049 -13.391860 -12.840325 -16.396275 -5.957206 -4.782730 -9.497999 -3.135220 -3.630214 -12.576599 -3.576518 -13.951279 -12.440109 -20.297786 -10.267919 -12.720025 -1.782970 -7.373267 -6.328049 -11.278810 -14.222918 
-6.785946 -17.274770 -17.213435 -9.588200 -2.168245 -7.483966 -12.825539 -16.029078 -15.184786 -4.665456 -5.230839 -5.957206 -3.129250 -17.114697 -8.596985 -17.090599 -15.430059 -7.744509 -3.601920 -13.185567 -14.573223 -4.527996 -2.176092 -16.373895 -17.725179 -17.694231 -13.010058 -2.092377 -18.653888 -7.597613 
-17.652884 -12.858023 -10.953666 -13.901901 -13.540025 -6.357710 -10.565276 -15.462020 -9.653735 -5.260129 -12.422074 -5.780615 -11.732711 -19.113009 -8.596985 -15.783032 -3.869124 -11.790708 -15.882585 -2.918753 -5.562854 -15.877347 -4.590953 
-16.409864 -9.072082 -12.855449 -17.414460 -11.588535 -15.755197 -11.492606 -14.229781 -2.322060 -5.260129 -13.967211 -5.780615 -6.602763 -20.049280 -3.122297 -2.654226 -17.627565 -12.589644 -13.765506 -6.773155 -16.281713 -12.258423 -5.327502 
-7.432757 -7.653821 -19.614634 -2.494647 -15.032281 -7.387385 -17.292719 -16.714578 -3.115338 -4.787802 -19.259046 -5.780615 -4.666356 -13.394338 -11.638370 -17.882878 -7.057134 -6.092770 -16.450986 -11.421585 -13.944191 -8.634587 -5.067172 -10.833580 -11.714074 -5.422114 -15.653562 
-7.455528 -13.974599 -5.780615 -4.691048 -5.003133 -8.914922 -7.951244 -3.483491 -2.484727 -2.072657 -15.220380 -14.167543 -11.522664 -10.010257 -15.586189 -15.396569 -12.473573 -6.999441 -12.271194 
-7.455528 -12.301291 -5.983275 -4.617792 -9.008054 -15.759116 -2.875693 -6.683133 -20.349274 -14.304559 -16.872420 -8.492256 -13.525821 -2.375665 -18.036817 -10.665511 -4.148061 
-7.107008 -14.969042 -10.130761 -4.280686 -8.554921 -6.209453 -3.522223 -8.660516 -16.984494 -11.672619 -6.981635 -17.992569 -11.560828 -13.949885 -7.848511 -4.702040 -7.435875 -12.991789 -10.525247 
-6.521406 -3.890307 -20.477385 -15.595685 -8.494900 -6.209453 -3.500752 -8.231339 -4.748480 -10.887141 -13.434423 -17.626439 -2.463859 -8.913991 -8.814159 -13.476365 -16.753750 -12.738260 -11.349370 -19.768991 -14.704317 -12.012353 -9.110620 
-6.754611 -13.817552 -10.962417 -7.278109 -15.256520 -6.209453 -3.872233 -19.814468 -4.560485 -1.787852 -15.237631 -8.890734 -13.373169 -16.294365 -9.407900 -14.424690 -5.371452 -10.572376 -4.002082 
-6.754611 -9.470029 -2.386482 -9.866703 -3.855879 -6.238066 -3.894314 -7.807306 -4.560485 -13.887590 -2.725447 -12.729592 -15.700431 -2.309423 
-6.754611 -10.467077 -12.882357 -12.171743 -16.127735 -6.291071 -3.452818 -8.222088 -4.365830 -14.641521 -9.018072 -13.315604 -6.512077 -13.872417 -6.062771 -11.324975 -10.648263 -6.258101 -6.170902 -8.632195 -6.877248 -14.449568 -5.073838 -19.553764 -3.275080 -11.509072 -10.491722 -17.439705 
-6.754611 -7.217049 -13.783604 -10.147778 -16.797320 -6.291071 -3.057244 -12.498272 -4.184683 -12.549804 -17.124401 -12.199896 -6.862666 -4.549501 -18.286149 -12.813169 -3.361362 -8.302016 -18.086636 -6.910081 -15.686940 -12.332762 -4.580673 -15.328756 -18.531065 -14.552144 -5.169957 
-6.603916 -14.103180 -16.906133 -2.840951 -15.012876 -6.054697 -3.835750 -3.079613 -4.184683 -3.548981 -8.659764 -19.819417 -6.552604 -11.850436 -12.529524 -13.403129 -17.821763 -8.774209 -17.469669 -11.246333 -10.874728 -14.435927 -16.039868 -11.601203 -16.883476 -3.776404 -7.260530 
-13.504705 -8.753217 -5.146363 -6.940669 -9.510169 -6.138599 -3.835750 -6.275550 -2.313219 -20.395607 -19.102969 -11.464672 -6.552604 -2.344601 -6.176061 -9.940597 -4.396611 -7.877579 -5.164900 -12.644817 -16.855362 
-16.968779 -8.528938 -12.059202 -9.841636 -4.128127 -5.678574 -15.039337 -5.339684 -17.827189 -14.115568 -10.138635 -14.840364 -16.464278 -15.470424 -3.731045 -3.158142 -2.159716 -9.903890 -14.150823 -12.588049 -15.551578 -10.023881 -14.814743 -6.744825 -4.162137 -19.571731 -17.906985 -3.725690 -4.884376 -4.533946 -3.969425 -2.998748 -8.026255 -11.309122 -11.013772 
-10.919924 -8.514130 -5.747107 -6.320033 -4.832583 -6.385897 -2.739411 -15.549038 -17.386522 -7.522002 -6.553668 -14.739564 -5.617479 -6.837478 -4.060446 -11.000463 -1.799468 -12.470538 -5.752257 -11.197534 -14.615472 
-10.335930 -11.175723 -5.747107 -11.116693 -5.214327 -6.734363 -14.166392 -14.659536 -19.306582 -12.381152 -2.940682 -7.207823 -6.187712 -12.102723 -2.955669 -11.226025 -1.871663 -7.336538 -12.222169 -1.882059 -3.653527 -12.987124 -15.230449 -6.675580 -9.929322 -14.646315 -5.223233 
-16.389757 -2.465733 -9.010160 -16.210327 -9.663437 -6.734363 -14.299388 -3.559535 -20.053154 -4.394657 -5.007773 -9.520268 -9.203072 -15.618476 -3.498597 -1.792689 -2.893492 -14.696066 -12.098364 -6.929527 -6.569396 -17.228537 -6.114068 
-7.094872 -7.009582 -5.006551 -20.264779 -3.646495 -6.620751 -4.440444 -2.214589 -3.271163 -1.939484 -5.642881 -7.195448 -7.971834 -17.833149 -5.192409 -15.873155 -7.712141 -14.599003 -20.140269 -2.876693 -6.745250 -6.179112 -4.677972 -4.811319 -7.974227 
-19.038255 -2.779930 -6.469013 -2.182453 -10.249687 -6.620751 -11.052327 -6.184121 -6.938093 -15.605373 -15.905413 -15.744175 -10.992016 -15.593276 -11.427493 -12.684677 -6.910389 -18.843839 -15.238213 -10.078366 -3.235069 -5.874822 -12.364991 -2.954956 -13.151720 -12.727511 -10.037114 -4.887353 
-16.578968 -3.091142 -17.400120 -4.927912 -10.287874 -6.620751 -19.321802 -6.184121 -7.028002 -12.993894 -9.328021 -7.951054 -10.160815 -9.699426 -2.377570 -7.445470 -10.208365 -12.324638 -12.562971 -7.048255 -13.695485 -15.733409 -2.671937 -12.549900 -13.878774 -18.805836 -16.551739 -3.239864 -2.791177 -16.529498 -10.144526 -6.887289 -2.041259 -6.154170 -14.904235 -15.465021 -16.268994 -9.923314 -8.207928 -6.892600 -10.595613 -1.890338 
-2.274307 -2.467985 -11.225493 -4.391966 -20.004630 -6.620751 -18.566394 -6.184121 -7.413721 -11.615966 -6.536068 -8.086114 -1.778811 -20.050367 -2.389157 -12.327857 -10.644893 -9.861483 -11.084597 -14.578229 -5.773467 -15.202883 -2.794307 -13.376951 -9.579409 -12.371292 -6.177672 -12.712227 -10.329229 
-3.368675 -3.686484 -14.291325 -11.665919 -10.102110 -6.620751 -11.013932 -6.184121 -9.358967 -12.933281 -13.781751 -1.726808 -15.847605 -3.329511 -14.670393 -6.095194 -10.466447 -17.030564 
-13.384640 -16.079252 -8.995069 -14.992918 -9.848255 -6.620751 -10.312385 -6.184121 -13.728206 -12.239320 -6.207021 -12.703651 -13.513288 -14.139736 -9.601110 -14.933058 -3.339025 -14.543829 -2.826889 -14.412454 -18.812289 -1.760340 -15.512885 -8.630824 -17.650519 -10.527443 -12.509431 -12.561535 -12.278234 
-11.044199 -13.981908 -19.605279 -15.393050 -10.139233 -6.620751 -8.484896 -6.184121 -1.996132 -3.644716 -10.674258 -12.735638 -2.289922 -2.275081 -16.305143 -17.112616 -17.405311 -14.711396 -11.652493 -17.503706 -14.974870 -11.600907 -15.635861 -8.229590 -4.057291 
-16.499777 -16.505935 -13.597408 -14.237488 -10.904854 -6.620751 -11.377270 -6.184121 -3.742079 -17.589340 -13.233167 -10.705212 -16.168912 -2.486132 -2.557809 -15.534816 -13.147917 -5.568512 -2.464440 -15.911137 -13.111011 -4.068134 -6.209828 -13.218320 -11.602311 -13.181633 -17.710813 -17.267956 -17.117405 -14.596661 -15.418521 -9.162511 -18.073584 -3.863642 
-4.820729 -12.767758 -19.978216 -14.563133 -16.986694 -6.620751 -2.069675 -6.184121 -9.154175 -10.033718 -2.935069 -19.157306 -4.042149 -3.321857 -1.781758 -13.834756 -18.677129 -6.068041 -14.012514 -1.740049 -15.516460 -7.858268 -6.027470 -16.204037 -4.803366 -15.312525 -13.644891 -19.699419 -10.503971 -7.402510 -13.739742 -2.176069 -20.320866 -14.808123 -2.196287 -2.877883 -16.284937 -1.826510 -6.899145 -2.414663 -15.946752 -17.566045 -16.600180 -13.394027 -11.749902 -13.809292 -17.653046 -11.026925 -4.649742 -5.741934 -14.562307 
-11.777180 -14.829318 -1.989311 -9.837336 -15.527114 -6.622220 -6.145587 -6.184121 -13.042897 -17.579233 -14.699102 -17.130200 -12.326301 -3.382347 -15.642990 -10.442612 -4.062356 -16.692901 -18.817118 -3.343413 -8.277231 -13.917821 -19.352789 -5.520614 -16.490322 -3.024990 -14.335801 -16.560078 
-2.348519 -2.733981 -5.996177 -14.240221 -9.300878 -6.622220 -5.677858 -6.184121 -3.322371 -14.024632 -18.650766 -5.684682 -19.115693 -2.741108 -16.135303 -15.964910 -15.487074 -4.000464 -15.583830 
-15.142123 -5.006616 -2.247280 -2.986814 -2.913376 -6.622220 -20.003833 -6.184121 -12.792707 -14.957585 -14.199261 -7.211049 -15.878315 -16.304126 -3.257943 -3.688760 -10.080112 -12.908120 
-2.191462 -2.155587 -2.913855 -12.681705 -9.383762 -6.622220 -8.130275 -6.184121 -3.260524 -15.451880 -10.584830 -6.173963 -5.582773 
-2.518565 -9.028624 -15.912622 -8.142096 -8.781118 -6.622220 -2.978050 -6.184121 -8.464606 -16.142249 -18.792311 -19.021294 -1.748048 -5.449686 -2.312883 -17.726870 -3.262392 -15.206434 -8.721388 -12.408629 -8.877589 -4.598000 
-14.232101 -15.061046 -7.896601 -11.661607 -9.507115 -6.622220 -11.524727 -6.184121 -10.608101 -13.208486 -5.690968 -12.070088 -17.441899 -12.687753 -19.473153 -11.143074 -9.260782 
-10.946349 -9.703579 -9.106729 -14.064907 -14.039957 -6.622220 -17.702378 -6.184121 -9.904251 -11.094655 -11.123777 -11.819403 -15.626126 -16.690517 -2.711892 -17.862732 -2.920562 -4.517529 
-16.947379 -13.816240 -9.005272 -9.612075 -13.965496 -6.622220 -17.878195 -6.184121 -7.755373 -20.110498 -12.988741 -15.183119 -16.831524 -5.010163 -2.164304 -14.092901 -10.234709 -16.990185 
-4.212212 -19.185473 -7.103262 -16.329498 -6.994874 -6.596486 -4.644713 -6.184121 -16.729395 -3.073466 -12.094233 -9.622507 -6.182208 -15.550026 -2.090827 -2.941545 -17.859792 -13.499857 -14.868994 -9.538197 -13.477698 -17.695854 -17.596895 -10.661766 -15.721069 -3.963661 
-4.986024 -14.655495 -10.516195 -7.681839 -10.447562 -6.571707 -6.419079 -6.184121 -10.268242 -15.070276 -6.103637 -7.920215 -9.612716 -1.907154 -3.129844 -4.757040 -16.903470 -6.780651 -7.111990 -17.000298 -14.669239 
-9.056319 -6.477984 -12.627906 -13.012271 -9.587386 -6.571707 -14.725620 -6.184121 -7.844404 -9.821574 -14.229797 -8.156979 -1.860341 -2.921140 -2.526396 -11.810679 -12.824020 -6.810979 -5.005766 -16.604196 -20.179577 -19.672306 -18.100139 -15.433127 -11.969726 -3.664255 -15.658852 -4.189517 -16.940505 -2.650880 
-9.731738 -15.153828 -2.179912 -2.886013 -20.480534 -20.199359 -6.650406 -6.184121 -8.022396 -9.426941 -16.330933 -8.523036 -1.981039 -16.139824 -2.487110 -11.903543 -14.031641 -4.551843 -8.985119 -4.724319 -13.291750 -11.177988 -10.770392 -16.388952 -3.316182 
-10.087822 -11.961320 -2.058736 -13.769412 -6.012558 -3.086425 -6.650406 -6.184121 -3.338906 -8.423024 -8.712511 -15.862022 -7.807795 -10.104020 -16.026435 -15.371966 -6.807744 -19.040733 -3.882363 -15.176294 -4.639995 -18.122800 
-8.963615 -3.102384 -16.478116 -3.515835 -14.957510 -14.571970 -6.650406 -6.184121 -17.101810 -2.586181 -8.807341 -14.804337 -5.567327 -15.333689 -3.523465 
-7.474062 -3.962942 -17.161381 -12.516188 -15.719957 -14.440846 -6.650406 -5.652314 -12.930987 -1.849905 -8.963844 -8.678548 -2.101360 -10.285116 -11.590539 -11.120330 -2.715748 -4.855591 -14.030193 -17.186920 -12.845668 -5.521366 -2.146581 -7.965586 -9.995922 -2.381106 -13.122465 -13.564650 -13.409848 -14.128666 
-6.556111 -2.628591 -7.346071 -16.844118 -11.498528 -8.434910 -6.305344 -6.109656 -10.122842 -3.916666 -9.332889 -8.668993 -8.019565 -12.324092 -10.951410 -11.600438 -16.473971 -15.775227 -1.999422 -18.035372 -5.733470 -3.737299 -17.654208 -10.846723 
-12.369446 -2.193921 -11.226584 -10.663292 -15.610437 -10.903617 -6.519130 -6.109656 -5.175223 -1.852009 -9.148738 -11.418500 -16.883256 -9.172716 -9.622855 -13.784314 -16.358236 -14.402323 -2.007076 -10.205619 -2.566484 -12.808319 -5.081685 -13.948755 -1.741821 -6.679596 
-15.567887 -3.313859 -20.642810 -17.484296 -8.511745 -17.866791 -6.519130 -4.611602 -2.158211 -4.835282 -8.072574 -3.990566 -8.193507 -8.521675 -7.147747 -8.843023 -10.789213 -3.030949 -10.472161 -12.446571 -8.503512 -12.575614 -5.345032 -7.902854 -16.833775 -11.447753 -17.279050 -6.524207 -7.820051 -9.218824 
-9.223566 -3.567374 -10.810666 -4.933486 -9.106973 -4.277532 -10.054395 -13.008522 -8.073149 -8.909706 -6.797963 -19.189746 -6.810555 -9.139862 -1.876809 -17.193130 -12.080312 -5.236456 -7.980892 -17.049488 -14.417608 -15.401410 -12.301615 -10.333269 -14.331454 
-12.628857 -3.294521 -14.719450 -11.498066 -8.689563 -3.782801 -16.418620 -17.118502 -6.709594 -11.018165 -6.508654 -11.602015 -20.496246 -8.083495 -8.088429 -14.031840 -3.149779 -7.727880 -19.694844 -4.133464 -1.794281 -5.278385 -3.682556 
-19.194540 -6.956011 -14.867249 -5.719576 -9.085837 -6.477912 -6.088759 -8.640277 -2.169048 -13.194192 -6.745481 -10.622111 -10.264712 -3.158117 -12.451218 -1.776099 -18.602482 -15.859808 
-14.566014 -16.030167 -16.788264 -4.128207 -9.669964 -6.740036 -17.584489 -7.781110 -3.242618 -7.047726 -18.807180 -8.874892 -14.330317 -9.260014 -2.687725 -11.382407 
-3.371750 -7.802174 -12.417832 -15.328490 -3.472021 -7.296848 -5.031011 -11.514117 -3.593285 -6.875021 -15.226235 -9.611379 -4.191507 -8.383646 -5.553736 -18.070116 -18.567330 -20.280480 -18.834798 -5.753411 
-11.310766 -9.093981 -3.978658 -19.501619 -6.184232 -4.733740 -16.150133 -3.990130 -3.593285 -7.397670 -14.527107 -3.866890 -15.134381 -15.982050 -12.904311 -2.855190 -20.335045 -18.965757 -8.853495 -17.909763 -8.763444 -2.406412 
-10.317825 -15.173434 -4.133408 -19.833095 -5.416068 -14.073211 -18.143473 -8.153072 -9.390177 -6.713128 -9.476802 -3.193787 -18.518723 -8.443776 -3.174275 -11.346778 -11.693852 -13.919701 -6.429373 -14.913558 -7.895237 
-11.698052 -9.127990 -4.131880 -17.485221 -5.676939 -18.132158 -9.899936 -4.374262 -9.274427 -7.623655 -13.963094 -5.921604 -2.834996 -6.883624 -14.729126 -14.241134 -5.935465 -10.195587 
-2.279086 -2.540030 -3.767932 -2.373380 -12.355052 -15.614308 -12.468662 -17.455142 -17.090838 -7.623655 -18.244603 -16.008591 -16.043646 -7.262891 -2.615338 -2.283068 -14.002590 -9.992426 -5.151081 -1.981931 
-9.805294 -16.173512 -4.487055 -17.851085 -5.271711 -16.049908 -3.381337 -14.205259 -20.105312 -6.752237 -16.821543 -14.175609 -8.909316 -7.262891 -16.891121 -12.994352 -12.340115 -2.198956 -17.097256 -7.724478 -2.380560 -16.963288 
-13.225410 -5.076452 -3.708782 -11.594025 -13.184948 -8.498265 -2.828541 -6.192543 -10.214834 -7.252156 -12.857979 -17.848523 -15.164186 -7.285020 -7.690205 -15.923555 -11.610296 -3.388265 -3.116672 -5.910214 -3.253797 
-3.812280 -10.828170 -3.192395 -5.253013 -16.734885 -8.868320 -2.955485 -7.905609 -6.697254 -7.294531 -15.329782 -4.100746 -14.127218 -12.585851 -12.663785 -11.437445 -10.282716 -14.524278 -7.423920 -16.784871 -12.178584 -14.100635 -4.085405 -3.185719 -13.898786 -9.444257 -2.556900 -11.931851 -2.215454 -18.303168 -12.262549 -3.938556 -7.814938 -7.034258 -14.644381 -2.250442 -12.603993 
-13.070956 -11.128568 -4.397631 -2.753562 -14.404988 -4.174116 -3.298550 -16.725086 -7.835595 -7.294531 -18.217917 -20.084957 -13.271434 -2.492665 -9.215897 -15.247945 -16.684765 -10.846287 -7.161431 -3.239442 -17.102283 -19.469199 -3.741872 -9.146207 -7.845796 -9.914385 -14.380996 -3.564807 -15.841041 -16.269303 -5.601039 -14.571674 -20.345203 -7.439604 
-18.961463 -4.627440 -17.643399 -12.778792 -10.524239 -7.078106 -6.903384 -10.328496 -5.500075 -7.393801 -8.179757 -19.291722 -13.997167 -16.388577 -7.543423 -3.652487 -18.814475 -3.486403 -7.050921 -11.013628 -14.051364 -13.115423 -7.528526 -15.706610 -19.782068 -4.752088 -3.393042 -18.920816 -3.114829 -15.329362 -2.091270 
-16.665872 -17.228918 -12.043328 -13.718397 -19.287596 -11.366344 -6.000893 -6.807418 -8.512334 -7.319452 -4.719916 -17.179592 -15.049677 -3.384660 -16.071783 -4.314583 -8.292496 -2.930463 -6.860912 -7.103564 -14.311018 -16.871514 -11.248364 
-10.068805 -2.893478 -17.249810 -20.062034 -9.744558 -4.978774 -7.001689 -6.850497 -8.512334 -4.880249 -10.770589 -7.999931 -14.965953 -13.541847 -20.577111 -4.314583 -8.574769 -3.441657 -7.070823 -6.682897 -5.692763 -3.617708 -12.098734 -7.140433 -10.887325 -11.461357 -18.508571 -14.531983 -18.267586 -19.728980 -2.737639 -16.252017 -2.577262 -17.038808 -6.564842 
-17.037857 -8.541677 -2.462829 -7.625956 -14.343025 -2.165210 -14.268692 -11.580472 -12.739666 -7.386055 -8.100964 -7.345644 -2.388937 -4.603414 -11.012750 -4.314583 -11.866774 -3.544816 -7.053225 -19.289310 -18.865189 -7.831947 -11.932594 -10.602010 -15.694115 -12.674614 -11.804558 -13.398686 -14.467290 -17.751857 -17.593350 
-10.821396 -14.757097 -10.985936 -7.405496 -15.181419 -10.601058 -14.044707 -4.884336 -19.889731 -7.892544 -15.411871 -7.582380 -14.144893 -16.319125 -13.793371 -3.174192 -10.962055 -3.075439 -7.053225 -18.882484 -14.410667 -7.259581 -13.392934 -10.715851 -1.786929 
-12.771349 -2.665189 -9.099976 -8.800313 -7.053225 -14.875059 -12.659966 -7.782517 -16.162859 -6.349314 -4.397734 -14.198602 -9.561809 -19.360040 -17.261170 -3.303970 -2.945118 -16.581328 -11.494828 -16.080029 -12.882263 -15.289134 
-5.187132 -12.479242 -6.042255 -8.069331 -7.065938 -12.955687 -9.817589 -10.746088 -13.127140 -7.028306 -6.302899 -2.524603 -13.660524 -14.663488 -3.564982 -4.621841 -2.381439 -15.733453 -11.128453 -10.853921 -4.966646 -9.571441 -15.646424 -11.877957 -15.838365 -14.668470 -6.301107 -12.995354 -8.746556 -17.375108 -18.037469 -12.609769 
-4.046129 -9.263656 -9.982048 -8.069331 -7.195432 -15.892333 -6.847593 -6.747315 -1.718919 -7.297797 -5.009918 -3.107097 -12.457286 -15.334588 -13.935720 -4.567152 -14.733995 -20.153458 -18.066442 -12.301237 -9.816504 -7.593208 -13.295267 -19.766999 -12.438065 -14.196759 -1.847720 -17.169169 -16.421553 -9.156959 -8.458375 -12.933192 
-12.758503 -10.569075 -13.920319 -13.037390 -7.195432 -6.510254 -16.729176 -13.522247 -7.441697 -7.297797 -15.799763 -2.764850 -4.415892 -13.927169 -6.301120 -2.974234 -6.833158 -18.488967 -8.071586 -6.957146 -18.645758 -1.950198 -12.827983 -9.267373 -11.032208 -12.336506 
-15.718947 -7.046640 -4.169122 -8.204455 -6.517350 -19.589509 -15.328859 -7.469875 -13.295191 -8.224891 -1.777609 -3.531984 -7.004106 -5.167922 -9.772594 -19.850019 -14.389859 -10.585363 -5.208778 -6.949629 -14.142962 -2.884101 -11.274603 -16.007420 -5.135530 -3.269925 -2.466824 
-13.460017 -6.883893 -3.964539 -14.253904 -6.925576 -11.383959 -13.375745 -14.801942 -7.017309 -8.224891 -19.772909 -2.653415 -6.240253 -13.321309 -13.532290 -10.221034 -7.675278 -14.408917 -19.955389 -6.167330 -14.879099 -15.749675 -14.050376 -17.747131 -10.703355 -6.513301 -4.121575 -10.647358 -2.226876 -1.887519 -20.187818 -10.205322 
-7.291198 -6.883893 -4.305756 -16.030576 -6.854561 -10.709212 -2.731375 -15.840840 -6.567926 -9.821146 -20.117817 -2.660386 -10.881597 -2.299426 -9.509085 -10.408103 -11.926370 -16.494820 -13.831929 -12.494310 -13.528665 -12.326212 -12.811696 -2.402859 -6.998705 -3.606406 -17.753743 -3.442684 -14.160365 -19.525620 
-16.801235 -7.012857 -3.769832 -8.019614 -13.083766 -14.075436 -12.847260 -11.548707 -15.387891 -6.014349 -2.214595 -3.797390 -9.418662 -10.113082 -11.712866 -14.930728 -11.455830 -16.910770 -17.806434 -10.229939 -12.240931 -13.271175 -17.463102 -15.316098 -11.372551 -16.602986 -18.341336 -1.907398 -9.344925 
-8.237585 -15.129171 -4.149426 -5.753401 -5.976322 -15.002520 -11.801006 -20.359041 -12.295057 -3.567026 -18.451908 -3.574094 -5.937419 -8.255350 -17.315969 -9.952921 -9.624006 -5.278332 -5.984785 -9.164418 -7.201404 -13.261839 -9.038836 -7.311983 -8.100214 -3.478625 -2.511113 -10.610094 -5.718351 -12.482929 -12.878332 -6.237437 -13.561881 -6.776323 -5.769668 -8.047459 -17.744743 
-16.069966 -13.391452 -4.748950 -4.497025 -6.264592 -6.131522 -11.446688 -14.764250 -6.848850 -14.648073 -12.872775 -2.513032 -1.876742 -6.220766 -13.496022 -2.688602 -5.671722 -6.852950 -10.923782 -12.482664 -8.159200 -17.048006 -6.902402 -5.080552 -10.438159 -12.297440 -7.502177 -8.929664 -11.728674 -12.430910 -16.004459 -11.879403 -20.176179 -11.521926 -2.156380 -10.013499 
-8.979220 -3.142584 -5.419471 -14.482501 -17.119843 -8.202144 -9.953905 -15.152849 -8.377142 -7.563227 -5.728091 -15.692685 -6.106236 -2.750416 
-5.690943 -2.396668 -5.419471 -15.461686 -17.035500 -2.100563 -9.388515 -8.770392 -9.522461 -7.170778 -5.728091 -18.828760 -19.018189 -3.427003 -2.010735 
-15.121064 -3.463399 -4.414851 -2.570931 -4.823811 -10.033929 -1.968586 -2.201733 -7.891388 -7.019789 -6.288089 -12.142605 -2.964019 -17.425055 -3.168956 -12.565161 -11.792206 -9.332687 
-18.636356 -12.856775 -4.829630 -9.091131 -15.250023 -9.600362 -11.465208 -4.154450 -7.891388 -7.019789 -3.831156 -12.016053 -16.739778 -14.602208 -15.505464 -9.133863 -18.591531 -6.166896 -2.670088 -13.267686 -4.993859 -15.456780 
-6.096895 -9.022826 -4.141233 -3.865242 -2.676583 -10.378106 -10.989068 -7.043383 -6.832912 -3.936193 -4.251703 -14.758730 -3.120504 
-5.812006 -7.970333 -4.422412 -4.085347 -9.134427 -2.614051 -2.434331 -7.393085 -13.115728 -10.233973 -20.330511 -8.704422 -4.470649 -13.597457 -10.472675 -17.515727 -14.756042 -11.007981 -6.495353 
-5.523564 -19.206226 -4.627199 -16.261045 -9.628338 -12.194585 -6.058389 -16.401545 -11.441609 -13.662096 -10.051453 -7.418421 -11.600013 -16.542603 -2.662417 -4.818426 -4.009535 -8.975997 -2.669607 -11.882043 -15.306270 -5.816605 -9.710931 -13.483355 -15.800857 -5.665884 -16.069961 -12.612897 -13.378946 -14.976221 -17.837649 -19.821588 -18.167667 -15.898161 -6.957668 -6.187315 -6.920511 -18.518319 -19.491763 
-3.429872 -10.244294 -4.627199 -12.079626 -5.692576 -1.998022 -7.856982 -5.184812 -11.529900 -6.399507 -19.706866 -6.883844 -14.589042 -10.699223 -14.094964 -14.992596 -17.075593 -12.556614 -4.124433 -15.890461 -2.439381 -9.905375 -17.515108 
-5.999969 -16.689457 -4.627199 -11.859948 -5.272925 -2.300450 -4.787335 -8.180143 -11.637326 -17.288070 -6.913981 -6.435963 -17.139590 -9.186543 -14.036512 -11.523417 -13.313382 -12.581197 -4.124433 -11.280710 -11.596881 -3.067037 -6.990264 -8.180925 -19.737632 -8.823049 -8.978341 -12.547576 -2.370596 -10.985658 -16.689100 -15.857594 
-13.195119 -19.915284 -4.929999 -4.604436 -5.272925 -11.572069 -8.110454 -13.958174 -13.284468 -15.309053 -12.181541 -3.732396 -13.728072 -9.288714 -14.339019 -13.137098 -15.224914 -3.434226 -4.118189 -8.999756 -2.055059 -11.752419 -13.907183 -8.351239 -10.074587 -5.759148 -5.962285 -12.394955 -12.912675 -14.655279 -1.737803 -9.634107 
-5.748415 -10.094006 -4.929999 -5.248951 -5.452876 -10.475244 -17.032656 -15.694879 -12.780903 -6.693615 -18.077505 -15.840061 -18.388037 -7.648392 -3.071363 -7.350150 -3.540435 -10.941362 -3.828933 -11.078507 -5.973226 -6.952501 -16.452596 -2.401306 -2.059593 -17.035469 -16.195962 -12.053137 -2.103699 -3.324123 -3.487867 -2.205226 -6.078241 -14.309641 -10.712647 
-2.330500 -9.367461 -4.929999 -9.858915 -5.099535 -3.943641 -4.598547 -16.376949 -2.789504 -11.194602 -2.321587 -12.337699 -7.181709 -11.706029 -10.936429 -6.850756 -4.905264 -16.854715 -4.633295 -13.875414 -13.701037 -3.523113 -3.931933 -14.765543 -7.845541 -2.260161 -6.340834 -10.340898 -20.432610 -11.760562 -5.476525 -14.060812 -5.823506 -18.985771 -13.099505 -4.163819 -13.746720 -12.158603 -8.380501 -11.986836 -6.728022 -2.386804 
-14.234322 -9.714687 -4.929999 -2.625769 -5.507638 -12.174477 -17.413711 -14.652102 -11.282884 -7.205542 -17.979816 -14.049321 -7.245419 -10.086816 -11.982693 -4.679636 -14.973802 -4.948433 -6.292874 -4.527445 -1.841670 -3.551901 -3.215970 -4.496903 -14.338857 -6.568240 -2.926076 -12.812602 -8.533267 -12.224707 -14.010676 
-14.259634 -4.537193 -4.846469 -11.788912 -5.685788 -13.667247 -9.539195 -16.000673 -3.425444 -5.673932 -8.524567 -14.143513 -7.072310 -7.138646 -16.731608 -7.318126 -4.064132 -7.322664 -7.944395 -8.133444 -5.623066 -3.821067 -5.579904 -3.736302 -12.336567 -16.660707 -15.995789 -2.425081 -12.147421 
-7.624005 -11.929461 -5.182599 -4.057583 -9.875905 -5.261924 -6.600799 -15.146813 -19.572095 -16.201507 -5.462879 -13.741601 -7.398404 -8.947645 -7.609973 -17.027022 -17.937792 
-14.592657 -15.326200 -5.182599 -8.474237 -10.235747 -8.308581 -3.246683 -10.427454 -10.854147 -4.080461 -5.773570 -6.847953 -12.886475 -5.863894 -6.042928 -12.273158 -1.975362 -6.578587 -1.971104 -14.655584 -2.503980 -10.593466 -20.343331 
-3.565960 -3.984935 -4.842163 -6.894045 -16.217078 -8.308581 -3.750948 -10.362700 -6.792746 -13.307697 -5.773570 -4.360893 -10.298468 -9.677621 -5.592327 -8.590082 -6.739971 -10.374523 -15.601134 -12.858869 -16.731332 -9.128637 -9.915892 -13.768303 -17.902199 -7.957295 -15.557372 -16.832611 
-13.819370 -13.428603 -15.055986 -15.387420 -14.592648 -8.397709 -3.434831 -8.408054 -4.344577 -12.637085 -9.407942 -16.037240 -11.748937 -17.741540 -6.538476 -4.011438 -5.810139 -6.267263 -10.801061 -5.380345 -3.355822 -14.663268 -2.329159 -17.654377 -13.947443 -20.403492 -3.317938 
-3.799524 -12.800231 -5.712740 -8.308835 -5.764933 -3.621759 -4.037594 -12.329702 -4.251241 -7.995002 -12.809794 -17.510325 -10.079077 -20.560077 -6.415314 -6.990512 -5.792905 -13.242620 -10.197755 -9.633261 -14.045732 -18.254488 -15.620730 -1.745487 -12.268697 
-5.984928 -19.067619 -2.450087 -15.618949 -11.322155 -5.801291 -4.041066 -9.826101 -4.217405 -4.621973 -5.460669 -15.299340 -9.597263 -1.695684 -13.432386 -4.998969 -6.029744 -10.638655 -12.887309 -6.296403 -9.167467 -15.499785 -15.992455 -10.896866 -12.911057 -16.011380 -10.847128 -6.300620 -7.770914 
-16.092187 -3.958278 -9.629225 -12.655521 -15.999648 -10.101294 -3.663958 -16.332864 -4.743697 -9.836263 -6.552132 -4.832974 -9.597263 -17.183706 -12.963638 -11.432605 -6.029744 -3.947681 -10.215833 -5.072512 -12.350027 -11.982362 -9.935047 -14.647463 -15.785234 -16.939552 -2.885872 -15.653607 -18.968839 -8.332843 -10.453684 -3.499690 -2.892422 -14.408787 -3.333015 -2.496523 -15.165834 
