  55.624779 5414.925424
 100.036989 5409.353901
  87.550858 5424.531109
  82.139084 5418.591909
  80.311790 5424.056298
  89.192653 5418.650157
  74.921035 5415.379804
  75.256299 5410.585561
  74.973172 5417.368100
  61.158892 5412.960113
  58.264795 5413.987972
  67.580740 5413.453170
  73.550351 5415.355747
  68.055756 5408.801411
  49.859063 5417.632689
  79.632566 5413.897444
  79.104047 5409.469035
  68.336219 5422.237285
  66.275567 5406.118187
  92.577418 5424.144579
  63.123179 5414.387773
  79.968024 5418.347425
  55.553742 5424.364422
  77.883658 5418.883150
  78.564258 5416.615070
 104.480488 5419.826105
  70.534598 5416.073499
  58.589855 5426.391404
  85.834326 5421.062287
  76.818318 5414.896067
  92.907139 5420.760036
 124.818828 5422.408647
  73.057360 5426.558551
  65.481372 5417.694670
  60.563164 5424.093077
  43.610496 5422.044611
  64.984443 5423.362817
  60.323782 5424.921474
  58.588698 5427.435785
  48.884119 5417.588541
  71.594203 5429.262924
  64.119694 5431.719833
  87.559988 5425.823172
  69.261672 5428.207554
  69.638794 5416.843133
  60.676745 5422.430316
  88.505650 5425.637195
  69.314142 5419.116523
  84.628852 5427.491119
  91.273378 5427.983288
  62.193235 5421.100293
  72.896452 5421.045466
  65.717266 5416.575777
  45.440653 5415.646579
  59.325527 5418.234153
  70.005216 5423.259984
  68.356514 5417.565801
  52.903855 5413.483222
  61.157766 5407.953433
  73.809492 5398.336562
  66.052326 5421.353667
 103.132740 5421.360178
  95.725985 5414.371390
  80.692326 5421.587947
  63.672017 5429.395924
  87.337790 5423.435449
  85.835853 5427.423003
  67.123928 5419.084659
  50.952991 5413.750148
  84.565204 5412.368403
  77.504331 5423.038897
  63.638184 5418.227621
  62.053465 5419.645078
  84.526799 5425.621828
  75.611833 5412.340983
  66.285105 5425.104378
  91.459040 5443.149804
  88.363828 5441.635266
  38.942399 5442.651570
  41.550268 5431.847462
  40.293388 5434.842084
  58.158386 5439.979503
  36.931521 5432.650327
  55.028427 5431.458091
  97.246580 5437.047587
  66.399930 5434.563688
  82.119725 5437.820933
  65.947117 5437.498084
  78.793551 5425.520579
 102.036866 5434.260155
  83.649337 5428.662554
  73.851254 5433.873243
  50.974371 5439.106741
  63.967410 5442.992037
  73.942486 5439.816922
  77.729811 5435.404706
  65.826402 5436.415383
  76.476162 5444.367761
  89.030278 5427.373572
