1.140714 0.912176 1.243083 0.920981 0.944626 0.835676 1.137152 0.949260 1.136097 0.992171 0.985183 1.015452 0.972303 1.162287 0.998674 1.125954 1.060843 
1.122717 0.885261 1.178702 0.920467 0.813899 0.835212 1.191336 0.841497 1.117142 0.975068 0.944218 0.916196 0.921847 1.147688 0.820001 1.111296 0.937775 0.971264 1.139378 1.115496 0.807770 0.873639 0.852596 1.070774 1.085110 1.185518 1.158000 0.974685 0.923402 1.190624 0.854891 1.039910 0.976319 
0.979277 0.959760 1.242723 0.935392 0.880199 0.877862 1.162958 1.093826 1.080612 0.915616 1.093347 1.072903 0.891447 0.938557 0.809955 1.181568 0.897978 0.841451 1.122767 0.984302 1.092711 1.125220 0.954897 1.141543 0.917184 0.921088 0.987356 0.957455 0.858222 
0.913711 1.069482 1.226996 0.798434 0.955334 0.942587 1.019281 1.098737 0.987860 0.927282 0.834397 1.131132 1.100053 0.962410 1.055760 1.218248 0.983952 0.975117 1.009462 1.091718 0.885464 1.192630 1.172962 0.813633 0.904634 1.171198 1.254849 1.069971 
1.082887 1.108780 1.157099 0.794698 1.041387 0.899108 1.077986 1.229804 0.970297 1.201521 1.178115 1.125080 0.962941 1.222475 1.245146 0.976782 0.949468 0.951386 1.099461 0.887021 0.999822 0.928646 0.805770 1.102644 1.145999 0.898976 1.038459 1.168125 
1.012546 1.258253 0.957687 0.810730 0.994455 0.934734 1.094771 1.245211 1.139201 0.909123 0.945290 1.135720 1.223763 1.045812 1.053850 1.223927 1.085567 1.236291 1.175195 1.064799 0.970114 0.932044 1.193198 1.044911 1.068084 1.110729 0.850981 1.147540 0.932412 1.119550 
1.161363 1.077274 1.072268 0.795538 1.106417 0.903043 1.082614 1.140782 0.795455 0.953049 0.925378 1.041319 1.063216 0.884896 1.046305 1.233710 1.253278 0.821973 1.144970 1.013929 0.961418 1.015754 0.928010 
1.201264 1.012590 1.019616 0.827849 0.993819 1.095646 0.813239 1.097271 0.852665 0.848008 1.144972 1.069495 0.798489 1.195725 1.187074 1.091848 0.855453 0.806815 1.140890 0.934947 1.115041 1.132167 0.924838 
0.892798 1.024784 1.018029 0.950449 0.796816 0.984232 0.943013 0.829643 1.233648 0.879804 0.986338 1.088345 1.217180 1.058606 0.885824 0.877747 0.795851 1.205295 1.170044 1.016564 1.083887 0.837775 1.026719 1.155341 1.019819 1.056630 1.041056 
0.919740 1.088290 1.044440 0.869034 0.975917 1.038164 0.807114 1.249580 0.895262 1.244918 0.950093 1.193571 1.120257 1.247970 1.034770 1.210167 1.115227 1.113034 1.044736 
0.995435 1.070595 1.141934 0.968971 0.831172 0.881571 1.254034 1.178095 1.166715 1.083689 0.879189 1.118376 0.995288 1.247099 0.903123 1.024935 1.081704 
1.003401 0.945750 1.091721 0.913635 0.799891 1.171158 1.239537 1.137180 0.884676 0.863533 1.047035 1.021762 0.955675 1.117308 1.070680 1.133332 0.979725 1.031391 0.797285 
0.924694 0.823359 1.065618 1.142023 0.901968 1.114502 1.228851 1.063935 0.922207 1.110861 0.934495 0.960365 1.076300 0.965172 0.815518 1.090572 1.257744 1.222270 0.861957 1.051874 0.943007 1.075242 1.028743 
0.912344 1.065736 1.055808 1.031908 0.952459 1.081387 1.235407 0.939280 0.925098 0.870174 0.969417 1.062514 1.130189 1.122955 0.820708 0.824177 1.033654 0.980038 1.064995 
0.877994 0.801212 0.934987 0.897811 1.039705 1.081197 1.201354 1.035388 0.909446 1.156116 0.935447 1.028076 0.975844 0.825988 
0.911151 0.812223 0.867736 0.989492 0.819405 1.108722 1.212259 1.066008 0.869071 0.843497 0.832184 1.055640 1.244245 0.864897 1.020479 1.203440 1.149128 1.248576 0.920620 1.067718 0.904767 1.211368 1.055373 0.919962 1.030491 0.964306 0.892184 1.062717 
0.867149 0.803035 0.936244 1.166217 1.034442 1.111913 1.255669 0.927324 0.900621 1.182721 1.185824 1.077942 0.820661 0.843955 0.925707 0.803363 1.032419 1.047324 0.929497 1.247404 1.014609 1.135600 1.021479 0.977215 0.994740 1.036622 1.172673 
0.922244 0.908130 1.135118 0.960972 1.078790 1.084414 1.243743 0.907437 0.927827 1.131913 0.802927 0.864968 1.010796 0.977720 1.122654 0.983065 0.938582 1.061363 0.930340 0.963627 1.155530 1.047770 1.087922 1.106964 0.815930 1.015860 0.833085 
1.110212 1.027504 1.154662 1.083830 0.981756 1.200057 1.244993 0.948824 1.177701 0.925797 0.907606 1.070117 0.898995 0.880605 1.090594 0.799020 0.923653 1.054562 1.173382 0.943969 1.003994 
1.063671 1.053265 1.060890 0.914299 0.892024 1.112594 1.020403 1.220981 0.956305 1.021109 0.995931 1.168912 0.837720 1.148991 1.246472 0.856854 1.003255 1.043369 0.876989 1.173602 1.034261 0.913635 1.066244 0.868169 1.109357 0.877796 1.098004 1.150182 0.986787 0.851093 0.839647 0.934231 0.837132 0.893623 0.978540 
1.055354 1.061562 1.221359 0.834151 0.900499 1.120402 0.846573 1.103232 0.951113 1.006530 0.900940 0.954955 1.219968 1.024221 1.238649 0.994342 1.188706 1.110281 0.863032 1.087022 1.070888 
1.063499 1.121856 1.217604 0.808885 0.928209 1.123147 0.814422 0.952788 1.015890 1.071558 1.015384 1.141137 0.925678 0.820473 1.248840 1.075139 0.930707 0.801734 0.963268 0.973395 1.041591 0.924279 0.797094 0.954817 0.807739 0.812141 0.884532 
1.214961 1.097825 1.178748 1.214786 1.139534 1.191663 1.117972 0.810933 0.940960 0.944219 0.977601 1.202586 0.842660 0.888428 1.236380 1.226716 1.160290 1.140978 0.819517 0.927152 1.001830 1.037657 0.840229 
1.225728 1.058494 0.964389 1.101285 1.134609 1.164131 1.157201 0.977997 1.016219 0.876252 1.008311 1.254119 0.818775 1.035708 1.215233 1.179387 0.845645 0.996595 1.002679 0.950610 1.016104 1.229218 0.829941 0.911057 0.949604 
1.050901 1.245389 1.231830 0.822112 1.155504 1.170526 0.991393 0.993710 1.199362 1.231675 0.995231 0.962151 1.230820 1.136169 0.822707 1.144094 0.964176 1.029386 1.132035 0.801555 1.193384 1.091677 1.106760 0.920009 1.140043 1.038587 1.136600 1.080390 
0.894565 1.251080 0.914211 0.994622 0.828131 1.173840 0.880474 0.948434 1.229655 0.984557 1.064605 0.806462 0.903390 0.823557 1.211768 0.812763 1.105503 0.814010 1.098693 0.803901 0.868717 1.213434 0.943140 1.220298 0.888408 1.009897 0.883020 0.850257 0.999442 0.962903 0.841661 1.087496 1.038442 0.973581 1.185718 0.992380 1.003409 1.196637 1.103147 0.860435 0.949989 1.213338 
0.876518 1.249073 1.097948 0.888446 1.213930 1.118174 0.842676 0.917485 1.132498 0.958028 1.147725 0.814362 1.100547 0.958935 0.897503 1.255802 1.111960 0.884582 0.952004 0.805790 1.205005 1.214656 0.857527 1.022012 0.817320 1.146281 1.248919 1.122840 1.096828 
0.921817 1.141767 0.888110 1.073015 0.794406 1.073725 1.071113 0.898423 1.146930 1.168093 0.947929 0.856241 1.005349 1.240777 0.808264 0.984543 1.154352 0.967784 
1.250087 0.919379 1.051963 0.992006 0.807545 1.167998 1.089835 0.923133 1.117165 1.011329 0.868586 1.245732 0.809261 0.858745 0.952603 0.935121 1.228281 1.218596 1.027256 0.857674 0.931640 0.974242 1.074521 1.068593 0.916746 0.922807 1.168513 1.092126 1.032510 
0.804329 1.135452 1.195288 1.199684 0.803505 0.990593 1.015430 0.871969 0.851452 1.081825 1.029942 0.930394 0.926011 1.170078 0.972011 0.922038 0.873641 0.837456 1.147445 1.087085 0.803897 1.091676 0.969868 1.028240 1.099188 
0.938735 1.096076 1.030707 1.099028 0.794829 1.093841 0.828332 0.877118 0.837357 1.129503 0.983097 1.025556 1.220680 1.160947 0.939473 0.975314 1.060135 0.946190 1.206110 1.215029 1.040147 1.024032 1.044307 1.072167 1.084756 1.231784 1.198837 1.102728 0.906740 0.815989 1.085648 0.935171 0.845434 0.802102 
1.066311 0.915730 0.926342 1.078565 0.952429 1.115425 1.218498 0.893771 0.961447 1.058067 1.166414 0.957989 0.800626 1.235882 1.197776 1.218096 1.182227 0.880240 1.165585 0.970912 1.081273 0.867597 0.978913 1.176988 0.923776 0.830771 0.915050 0.953632 0.980080 0.807525 0.924096 1.029009 1.084361 1.186347 0.929921 0.819736 1.038415 1.238348 1.126690 0.967125 0.852154 0.940724 0.905808 0.870602 1.036931 1.049340 1.213799 1.035015 0.963707 1.206924 0.971224 
0.897971 0.914478 1.003791 1.203572 0.987991 1.092122 1.019278 0.924766 0.820729 1.057461 0.894645 1.255649 1.114793 1.239360 1.181829 0.849661 1.127377 1.020375 1.253485 0.985391 0.837314 1.057033 0.920243 0.999120 0.887116 1.023992 0.903605 1.199909 
0.834359 1.204603 1.196877 1.137554 0.825484 1.119576 0.795004 0.964815 1.207494 1.156498 1.025103 1.048991 1.233791 1.177948 1.034682 0.853204 0.944256 1.232950 0.818030 
1.120477 1.003992 1.096345 1.250897 1.233321 1.077697 0.821276 0.900659 1.066993 1.195100 1.060070 1.156323 0.823364 1.088757 0.956496 1.097031 0.825337 0.990933 
1.238159 1.027012 1.113394 1.155577 1.113451 1.163713 0.844358 0.909249 0.807711 0.895570 1.022025 0.882604 0.895770 
1.073545 1.152253 1.014626 1.178968 1.188573 1.218668 1.256483 0.990144 0.813128 1.070345 1.081568 1.219332 0.878216 0.968099 1.209389 1.039044 0.950515 1.196700 0.813582 0.848551 1.235307 1.142240 
1.206987 0.883515 1.130084 0.901300 1.185452 1.235875 0.803767 0.991858 0.817151 0.998349 0.962291 1.094099 1.073680 0.969312 1.089848 1.104629 1.025834 
0.959519 1.018702 1.133481 1.127508 0.822391 1.230080 0.808431 0.992902 0.799111 0.956284 1.151368 0.996531 0.881679 0.947719 1.120987 0.984787 1.183028 1.033710 
0.806865 0.926952 1.218400 1.121303 1.207994 1.253315 0.944083 1.027800 0.832685 1.211714 0.803409 0.826781 1.143353 1.006368 0.925447 0.870248 1.120831 0.918862 
1.197887 1.153871 1.165646 1.078676 1.159986 1.224583 1.049056 1.021102 0.851079 1.220887 0.920465 0.810341 1.112134 1.192289 1.049804 0.847515 1.004127 0.813258 0.840849 0.810053 1.191990 0.809838 1.028799 1.173207 1.111388 0.858128 
0.856221 1.216322 1.090836 1.246287 1.154389 1.247219 0.862077 0.994941 0.932738 1.061856 1.217876 0.800405 1.127946 0.857840 1.235808 1.217322 1.088502 0.994348 1.155166 0.996799 0.897151 
1.057723 1.148640 0.914326 0.830032 1.215863 1.193743 0.924075 1.026650 0.969311 1.139745 0.853845 0.795216 0.859270 1.033787 1.244501 1.037671 1.061417 0.894214 0.976674 1.029093 1.153995 1.117464 1.032629 1.101610 1.193641 1.035087 1.062991 0.964891 1.007725 0.925382 
1.138548 1.155264 0.911720 1.166677 1.047403 0.863742 1.199639 0.993001 1.176807 1.064959 0.973190 1.135642 0.892524 0.839443 1.257896 1.117946 1.241695 0.817196 0.800811 1.206651 0.858962 0.851036 0.801270 1.012946 1.150436 
1.128824 0.985427 0.805176 1.101157 0.953980 0.921844 1.123287 0.951447 1.248009 1.109034 0.804244 1.011585 1.059247 1.131215 0.841277 0.840175 0.797104 1.073475 0.956166 1.069955 0.942110 0.930804 
1.061706 1.257447 1.003052 1.018878 1.258299 1.099682 1.111817 0.911203 1.036454 0.950218 0.796148 0.830155 0.910485 0.985729 1.036865 
0.901661 1.256735 1.173602 0.885435 1.055724 0.896493 1.085602 0.886494 1.231734 0.825237 0.800332 1.056322 1.175461 1.059656 1.015890 0.805753 1.055510 0.979572 0.936285 0.888287 1.116210 1.033873 0.984271 1.114381 0.915113 0.800813 1.111038 1.050115 0.961033 1.125846 
0.893597 1.227748 1.117285 0.856175 1.204353 0.868606 1.123971 0.957968 1.032357 0.961943 0.802980 1.174526 1.068239 0.901717 1.216394 1.087664 0.965529 1.089136 0.842928 0.824831 1.254089 1.240000 0.936455 1.112906 
1.084583 1.229926 1.195751 0.934375 1.176658 0.822374 1.098181 0.932004 0.833527 0.867316 0.810316 1.042606 0.973917 1.070484 0.939221 1.019199 1.182304 0.814122 1.151216 1.255092 0.910716 1.151537 1.216227 0.917726 0.908650 1.095592 
0.982933 1.209777 1.002268 0.978910 1.180989 0.989562 1.117450 0.957701 0.948554 0.976073 0.817140 1.204547 1.108179 1.156837 0.953273 1.154508 1.098147 1.180615 0.917115 1.129031 1.172930 1.019490 0.824357 1.225943 1.177737 0.894282 1.092007 1.152280 1.076250 1.041261 
1.161862 1.229272 1.009091 0.951351 0.796689 0.946530 1.100104 1.043001 0.896728 1.016650 1.124187 0.920083 0.920785 1.135269 1.011137 1.123637 1.200580 1.163291 1.110560 1.070089 1.210412 1.057894 1.157656 0.979444 0.974694 
1.014154 1.252012 0.952520 1.154901 0.802661 0.948182 1.007340 1.184095 0.994510 0.868078 1.111205 1.017752 1.097870 1.145846 1.158059 1.177575 1.024980 0.906309 0.984436 1.203109 0.908552 0.918357 1.079307 
0.974991 0.909189 0.973621 1.163015 0.833118 1.047371 0.936289 1.077084 1.235109 0.936326 1.125743 0.971238 1.083546 0.965372 0.950417 0.794482 0.942005 0.989180 
1.115653 1.112750 0.838669 0.939080 0.819035 1.141419 1.166713 1.076974 1.242508 0.950640 0.901641 1.025727 0.899941 0.822416 1.162402 1.138825 
0.900947 0.804590 1.048072 1.142955 1.188702 1.130714 1.022962 1.066052 1.233876 0.848165 0.976435 0.795085 1.223962 1.179149 1.017773 0.992692 0.974278 0.947073 0.821654 0.948456 
0.880063 0.798457 0.933274 1.078461 1.044710 1.004166 0.827002 0.982228 1.202075 0.916489 1.230594 1.127891 1.066293 1.204710 0.802903 0.851210 1.084849 0.817681 1.015746 0.906048 1.057047 0.864488 
0.995218 0.948233 0.904415 1.053624 1.050449 0.960101 0.916415 0.799652 1.124060 0.884802 1.010702 0.931111 1.158749 1.018278 1.193777 1.103007 0.952909 0.892438 1.069284 1.059688 0.875959 
1.107695 0.926282 0.832773 1.120116 1.021385 0.843031 1.100954 0.858653 0.846709 0.804063 0.982304 1.205582 1.174517 0.977853 1.078124 0.981245 0.988302 1.011841 
0.898342 0.922627 0.811501 0.847233 0.956616 0.855909 1.007407 0.946079 0.860476 0.815604 1.216997 1.047639 0.944808 0.997973 1.162073 1.157760 1.104424 0.967435 0.887893 1.019106 
0.893848 0.866512 0.798066 0.820515 0.826582 1.040714 1.123290 0.851704 1.022385 0.833475 0.988130 1.046754 0.947248 0.965655 0.910914 1.200364 0.959823 1.226192 1.043497 0.835168 1.189161 1.042080 
1.014028 0.971007 0.893490 1.007798 0.947603 0.808224 1.254333 1.070372 0.929209 0.838849 1.193490 0.889533 0.975364 0.981871 1.033968 0.892469 1.240285 1.220364 0.908307 1.174896 1.238181 
0.796575 0.817588 0.895773 1.056448 0.962214 0.800011 1.154476 1.001617 1.083199 0.846266 1.023689 1.223634 0.908327 0.898217 1.175967 1.017350 0.877353 0.965426 1.022248 0.893942 0.978323 1.256667 1.079220 0.881913 1.107453 0.963919 1.100729 1.194864 1.154598 0.875727 1.106860 0.951121 1.004829 1.121881 1.181132 1.221423 0.879954 
1.052585 1.029015 0.885558 1.178433 1.090171 1.040862 0.987257 1.095311 0.968487 0.857774 0.988512 0.893990 1.070666 1.122388 0.800338 0.988259 1.188671 0.877012 1.010143 1.167537 0.802794 0.913157 0.947785 0.811424 1.077922 1.030314 0.870931 0.811099 0.825538 0.842592 1.015610 1.107301 0.879538 0.944307 
0.834846 1.156575 0.811201 0.970257 1.118731 1.004662 0.897880 1.061654 1.139531 0.896968 1.071819 1.199067 1.075450 0.969142 0.812255 0.939007 1.110396 1.227770 1.092716 0.839528 1.020263 1.051374 1.035110 0.889346 1.168059 0.938492 0.823259 0.936696 0.863003 1.147263 1.059156 
1.055187 1.144372 0.809471 1.152577 0.965886 1.165897 0.959050 0.805989 0.817849 0.988098 1.028426 1.054501 1.236799 0.873657 0.817838 0.995585 1.238886 1.253781 1.196604 0.944274 1.118766 0.951111 0.893100 
1.047789 1.202296 1.096442 0.796103 1.102752 0.956143 0.968635 1.083011 0.795059 1.210675 0.857101 0.935233 1.095258 1.196516 0.955092 0.952755 1.232131 1.220660 1.180835 0.948142 0.865787 0.910873 1.017245 0.918384 0.938358 0.866373 0.935877 1.129883 1.088446 0.856063 1.192491 1.071355 1.033652 1.144256 1.155041 
1.054230 1.257511 0.919641 0.927289 0.888314 1.222915 0.799787 0.937965 0.948158 0.927429 0.807160 1.016000 0.861808 1.011561 1.200471 0.993470 1.200018 1.255861 1.176455 0.844906 1.039477 1.200396 1.063874 1.141682 1.220592 1.039774 0.972992 1.135975 0.926040 1.103488 1.026048 
1.006181 0.840778 1.149718 0.795770 0.803133 1.234879 1.068125 1.256526 1.052655 0.994618 1.229295 1.184494 1.107850 0.944249 0.961318 0.995266 0.830808 1.216168 1.211354 0.951709 0.958354 1.131974 0.940608 1.224333 1.070574 
1.235890 0.809074 0.862537 0.821878 1.173750 1.091432 0.851505 1.231129 0.936956 1.032218 1.066610 1.099012 1.127608 0.959002 0.876127 1.012487 1.174386 1.107671 1.141711 1.246082 0.887653 0.924356 
0.886045 0.846589 0.905998 1.178476 1.187229 1.195974 0.826295 1.016440 1.164046 0.977319 1.163251 1.196502 0.941072 0.906050 0.948084 0.991397 0.999259 0.996245 1.033428 1.210889 1.168416 1.131411 1.066269 1.086432 0.984920 1.061464 0.818354 0.819190 1.061620 0.994508 1.090717 1.050664 
1.139249 1.032419 0.855093 1.135403 1.191946 0.949693 0.906601 0.965659 0.889094 0.986290 1.161826 1.216995 0.885980 1.121106 0.892430 1.004722 0.876503 1.124032 1.035528 0.820883 1.160395 1.172563 1.203833 1.067960 1.248059 0.965139 1.222990 0.855441 1.236425 0.947230 0.809304 0.913463 
1.008268 1.135754 0.903905 1.044151 1.175870 1.030179 1.121773 0.822618 0.846176 0.922670 0.798568 1.253927 0.854677 0.905243 0.972133 1.004158 1.055004 1.000003 0.801101 1.034009 0.881155 0.901436 1.153835 0.824095 0.796004 0.927880 
1.013439 0.967200 0.951209 1.076462 1.153174 0.819603 0.918935 0.937591 1.097014 1.176552 0.840436 1.245858 1.164663 0.854104 0.806622 0.888558 1.053726 0.953066 1.110297 1.235328 0.967162 1.112287 0.971792 1.028484 1.048249 1.072687 1.044725 
1.002722 0.988370 0.995597 0.835873 1.139318 1.168275 0.855256 0.875850 1.184168 1.112670 0.919239 1.234916 1.016705 1.174694 1.005902 0.812125 0.853442 0.949817 1.192076 1.204405 1.099516 0.962467 0.809957 1.219567 0.886272 1.049687 1.255266 1.103236 1.181245 1.233193 1.083666 1.134434 
1.011063 1.025163 0.960323 0.958995 1.115658 1.013935 0.878309 1.256775 0.841223 1.088154 1.091116 1.168237 0.945809 0.855021 1.153281 0.866504 1.099214 1.006512 1.034342 1.215140 0.983768 1.187677 1.142687 1.067309 0.852393 1.030412 1.094224 1.037272 1.068263 0.998694 
1.201536 0.903242 0.899231 1.118293 1.061155 0.846352 1.146987 0.798712 0.989027 1.084847 0.936609 1.254987 0.803696 1.091001 1.250853 0.974523 1.200584 0.807560 1.118241 1.018837 1.172140 0.926017 0.835840 1.064615 0.853108 0.952395 0.842472 1.194088 0.861495 
1.249489 1.210640 0.951716 1.239133 1.211150 0.983966 0.800961 0.848125 1.126572 0.993611 0.894965 1.256204 0.933330 0.867038 1.100688 0.990278 0.975373 1.208796 1.256019 1.076200 0.915283 1.069696 0.827592 1.041354 1.088144 1.046364 0.834296 0.951695 1.134693 0.833645 1.211654 1.012865 1.212925 1.008018 1.132407 0.950353 1.022727 
1.197409 1.030598 1.000709 1.108495 1.110021 0.954377 0.922639 1.040500 1.061569 0.845668 1.110899 1.244211 0.875779 0.911614 0.827881 0.992260 0.991998 0.960535 0.937068 1.210018 1.145245 1.142884 1.171491 1.045046 1.055735 0.800925 0.841298 0.962604 1.162296 0.955271 1.201583 1.004068 1.030626 0.899332 0.958450 0.801231 
1.057615 1.241151 0.943329 0.907965 0.820542 1.140663 0.813539 1.159801 1.141140 1.004942 1.153575 0.909801 1.258416 1.080944 
0.825615 1.223554 0.891878 0.839108 0.959421 0.911334 0.800196 0.967991 1.045223 0.970397 1.129396 1.059713 0.808422 1.192332 1.099141 
1.200277 1.255924 0.900804 1.241882 1.217750 0.797484 0.823204 1.129975 1.038438 0.894230 1.134304 1.031447 0.964275 0.955367 1.177234 0.919074 0.970640 0.994947 
0.993726 1.205621 0.892528 1.034652 1.049378 0.795331 0.929944 0.888805 1.015231 0.836894 1.227845 1.071159 0.860667 1.005827 1.247822 0.906874 0.944719 1.060029 1.089187 1.091133 1.119868 1.107924 
1.084041 1.029054 0.895881 1.253990 1.032120 0.795231 1.071210 0.857423 0.983445 1.058403 1.133997 0.959614 1.095297 
1.133013 1.073173 0.955534 1.213746 0.805011 0.850358 0.888785 0.922006 0.881342 1.058082 0.849640 1.154536 1.141230 1.166545 0.900636 1.226236 1.005496 1.109020 1.209851 
1.118260 1.175694 0.925558 1.048714 0.806189 1.074920 1.074816 0.837168 0.926857 1.190853 0.900147 0.968508 1.005487 1.045242 1.022881 0.940573 1.237055 1.096832 1.215784 1.056962 1.093905 1.084880 1.083490 0.812666 1.197887 0.894088 1.054590 1.131946 1.155706 1.002936 1.164509 1.192133 0.890755 0.883914 1.202647 0.860173 0.821151 0.979303 1.003635 
1.002363 1.219547 0.893869 1.070009 1.015517 0.868794 0.821405 1.170336 1.040200 0.945381 0.834521 0.886262 0.798764 0.964534 0.946487 1.249363 1.244312 0.842705 1.166681 1.040822 0.981483 1.087891 1.003493 
0.900488 0.963139 0.888876 0.805299 1.114135 1.145696 1.026923 0.907249 1.169483 1.014902 0.846053 0.964519 1.042794 0.865984 1.256686 1.159138 0.891042 1.077239 1.219590 0.960712 0.902765 0.894243 1.136956 1.014581 0.915041 1.007279 1.097174 0.941283 0.937195 1.015386 1.198236 0.986853 
0.947182 0.829639 0.878086 0.846893 1.014236 1.034642 0.876200 0.831084 1.256354 1.090332 1.230329 0.958088 1.195327 0.801633 0.805800 1.053763 0.837254 0.992931 1.128809 0.998639 1.118501 1.030399 0.803130 0.986328 0.822128 0.882811 0.988014 0.893749 1.218577 0.956456 1.108960 1.218630 
1.143292 1.034197 0.830648 1.169503 1.178017 1.187853 0.954725 0.956688 1.143891 0.963750 0.891379 1.130352 0.908849 0.798297 1.048216 0.895927 1.059968 0.894292 1.210146 1.004813 0.991490 1.114801 0.819170 1.151332 1.030877 1.078518 0.984953 1.086195 1.074339 0.982600 1.073708 1.185558 1.002040 0.983877 0.943872 
0.879871 0.808410 0.897321 0.994134 1.142924 1.017645 1.164435 0.950867 0.832969 0.987844 1.236409 1.164475 1.022855 1.075587 1.034341 0.979989 0.841921 0.851816 1.005978 1.000736 0.936619 1.227399 1.200486 1.057275 1.206655 0.893546 1.134632 1.195166 0.931336 1.177859 1.040609 0.836146 0.972176 0.912987 0.861400 1.045649 0.935501 0.794472 1.104679 1.058710 0.912656 0.890188 
0.934234 0.822019 0.917456 1.053813 1.076302 1.069968 1.076207 1.155798 0.883930 1.077607 0.911277 1.059581 1.111213 1.072729 0.931877 1.149834 1.081829 1.173982 1.142666 1.070724 1.134724 1.258344 1.009062 0.939943 0.824822 0.934996 1.007697 0.973183 1.003931 1.097957 0.981597 
1.000650 0.829114 0.860172 1.057438 1.059829 1.066431 1.020648 1.041066 1.205311 1.247356 0.814154 0.872437 0.981953 0.997232 0.991256 0.989141 0.994870 0.956957 1.039941 1.225967 1.196631 1.185717 0.810601 1.045802 0.879935 0.939050 0.826549 1.047722 0.991448 
1.103228 1.234618 0.944264 1.195914 1.086997 1.115236 1.241638 1.040173 1.004409 1.146202 1.171395 1.166993 0.899392 0.810002 1.158588 1.194673 1.126925 
0.986719 1.205949 0.906962 1.153041 0.796978 1.074295 1.244099 1.041616 0.959844 1.076178 1.049509 0.854391 1.108954 1.135072 0.844296 0.831353 0.879823 0.842847 0.845324 1.102784 1.214273 1.154539 0.860843 
1.221785 1.022203 0.882983 1.020252 0.831178 0.981599 1.234058 1.034394 0.862312 1.037139 1.064874 0.948209 1.226155 1.154997 1.129387 0.880969 1.202019 0.809020 1.210992 0.805586 0.964045 0.899692 0.934748 1.256765 0.863649 0.940998 0.968304 0.914587 
0.811197 1.065704 0.944754 1.174502 1.194940 0.974193 1.197971 0.909656 0.860032 0.824999 0.832342 1.221076 1.138543 1.128898 0.832132 0.920563 1.053550 1.099450 0.982414 1.183292 0.954074 0.832470 0.802625 0.814442 1.027323 0.816649 0.972621 
1.182976 1.051703 1.165225 0.841299 0.949077 1.104521 1.252091 1.229187 0.879406 1.142180 0.902201 1.231638 0.800364 1.123270 0.896697 0.971847 1.095578 1.216267 1.048092 1.021201 1.154899 0.937612 0.839994 0.972676 0.880490 
1.085048 0.932318 0.812895 0.908476 1.063861 0.933886 1.235953 1.150151 0.888681 1.166184 1.181031 0.990251 0.814012 1.082260 1.235789 0.974490 1.054443 1.223503 1.059090 0.892161 0.941357 1.068016 1.253011 1.114211 0.976126 0.836719 0.906010 1.250057 1.040748 
0.819506 1.061298 1.066533 0.877288 0.992230 1.197527 1.156368 1.183073 0.948131 0.886401 0.881981 0.971527 0.804413 0.960607 0.909885 0.867989 1.077977 0.894180 1.066708 0.870535 1.171079 1.090015 0.938856 1.040511 1.208937 1.030321 1.061256 0.940817 0.944575 1.151955 1.061520 0.840423 0.841678 1.015954 0.800715 1.112957 0.827438 
