0.019041 0.696656 0.806513 0.021343 0.375972 0.059612 1.995250 0.407856 3.364150 1.226104 3.154350 0.014338 29.415195 8.369195 0.099495 20.576402 0.051736 4.350569 1.158931 2.643716 6.533503 2.736109 0.018889 0.376298 0.320467 1.528412 0.284331 0.281437 0.976048 13.467192 2.986244 
0.416321 0.677684 0.049288 4.229527 2.897846 0.581144 0.800815 2.021531 0.240833 0.225265 0.156760 2.087824 0.531836 15.956071 2.956184 11.697692 0.093218 3.135145 0.170460 0.152323 5.478029 5.145124 1.689215 0.474579 0.545340 0.147332 0.031158 0.947438 0.406746 0.850748 0.579238 0.119105 
1.030778 2.051102 4.909820 0.080721 20.172021 3.087053 0.126952 0.961462 0.012540 2.699364 0.367628 3.111728 2.884648 24.786535 0.536613 53.881138 0.019073 8.475818 0.100555 0.039203 8.820420 1.514619 0.219059 
0.008368 0.193274 2.303500 0.580656 0.020316 0.029922 2.076443 1.033181 0.015130 0.144239 0.247191 4.152108 7.236899 53.044487 3.922540 0.233888 0.049660 0.112746 0.196724 49.449074 0.686196 2.975235 3.626526 
0.699155 0.371275 0.036917 0.397655 0.063181 35.661307 2.277201 0.413538 0.121762 0.495450 0.109380 2.717385 10.439055 16.060350 2.986600 0.077162 0.009697 0.764498 0.154643 0.274563 0.553155 0.163518 0.201741 0.038759 0.057545 0.942078 1.534517 0.259397 0.129363 0.169604 0.755840 
1.350609 0.129375 0.559928 3.084780 0.049723 37.832617 2.200791 0.076552 0.066170 0.037092 0.184348 1.263736 4.174474 32.904126 0.132178 0.085296 0.026756 0.076189 0.028782 1.854459 0.582430 0.469940 0.031654 0.054705 0.450130 0.501414 1.840713 0.280451 0.508951 
0.124498 0.818312 0.175932 4.508554 0.021595 39.706641 1.510289 1.225958 3.403026 0.908350 0.046485 6.720465 3.173105 13.707078 2.115006 0.320555 0.120645 2.959759 0.118029 1.280014 0.008300 0.027850 2.298249 3.699093 2.333622 0.751271 0.181271 
0.471557 3.747695 18.344691 1.567033 1.264732 46.959222 0.922985 0.651842 5.827996 3.761684 3.659010 0.024142 1.724119 30.845218 0.211670 0.317175 0.157652 0.013455 0.032158 0.348494 0.190869 0.761460 0.120015 1.286910 0.087931 0.310455 0.085363 0.368066 5.048436 0.626280 
0.271564 1.366807 0.576323 13.230008 0.426107 42.975181 0.191016 0.014855 5.914532 0.091100 3.504484 0.260016 29.098060 9.205331 0.691177 0.116909 0.315786 1.858936 0.024801 0.106894 0.083420 40.974667 0.061951 0.083031 3.056392 0.125524 1.132370 0.353185 0.211010 30.856328 0.703596 1.243511 1.742868 
11.559533 0.287219 59.007810 0.174043 3.153164 0.246498 1.198932 0.043420 0.022163 0.508098 5.182271 0.255662 0.074696 1.365754 1.560391 25.515874 0.182804 3.725023 0.072369 0.946992 0.250110 0.104700 0.104167 0.282130 3.150066 0.057944 2.871881 0.893296 2.043174 0.806088 
6.241098 9.443587 58.330800 2.579013 1.053716 1.010943 1.387963 0.078966 0.145806 1.848600 4.400367 0.068092 0.009333 0.477068 1.601807 17.830568 0.228233 0.024602 0.170186 0.642689 6.690924 0.082911 0.246894 0.018492 0.014182 0.251135 0.505377 0.227340 1.493460 1.497262 
0.053657 1.170342 0.315889 2.866024 0.110714 0.534948 3.750544 15.427641 1.337786 0.117202 4.144833 0.636548 1.060305 0.073548 0.528076 61.903081 0.937804 20.224304 0.115836 0.734947 0.582770 0.196312 0.982918 0.169866 0.382703 1.169555 3.880598 0.153624 2.095937 0.083700 0.647219 0.504598 
9.675389 0.778854 0.221282 17.918096 9.695653 77.382101 0.052948 1.031914 1.021535 0.374065 3.025266 0.358935 4.969626 0.533829 0.699699 34.714503 0.035873 0.016287 0.079425 0.022097 8.099080 1.566047 1.611613 0.010445 1.254830 
4.547851 6.148519 14.872496 7.623555 0.931754 38.838966 0.258346 1.832928 0.184965 0.036562 2.718619 1.119478 1.015799 0.324498 0.708306 23.760772 0.102278 3.046563 0.809950 0.104972 1.307273 0.514425 0.786356 0.241638 0.521083 0.471746 1.475388 0.896007 0.265216 0.137774 11.458817 0.105588 0.689509 0.168400 0.730488 2.526564 1.079625 
0.847324 0.849528 5.383258 0.040721 10.346290 63.472891 0.017293 0.496645 4.302406 0.209479 0.168006 1.420211 0.727930 3.531235 0.059187 35.739914 0.221854 2.995857 3.983522 0.389316 0.415540 3.048612 2.602081 6.844807 0.075517 0.165645 2.267394 0.727440 0.942670 0.034357 0.046368 0.182998 0.944441 0.368616 0.023075 2.518287 1.099200 18.232921 0.404665 1.443155 11.318522 0.305406 
0.023158 0.025702 20.091962 0.358302 0.381109 36.099082 0.250160 0.049070 0.997240 0.026786 0.066141 0.908845 10.606417 3.494462 0.016613 2.659624 0.058977 6.626998 1.588254 1.761598 31.526119 0.030260 0.161063 4.336266 34.324523 0.294042 1.513582 0.794725 0.595107 
2.890405 0.571509 2.121654 3.612076 4.602519 58.945275 1.477134 0.100530 0.136441 0.138064 36.149053 0.658142 0.027506 0.019369 0.012363 3.418205 1.330718 0.090088 0.234162 0.911839 3.792708 0.031653 0.123493 0.027394 2.597007 0.429140 1.339398 0.426919 1.417432 0.345300 
2.781163 0.056517 0.968172 0.099435 0.128263 25.689663 0.108793 0.846342 0.010770 0.013557 30.462604 19.525617 2.975029 0.054476 0.006605 0.026733 0.053440 7.138003 19.405835 1.014264 53.883914 0.834155 0.008007 45.123872 1.996542 0.365068 0.896204 10.940841 6.084056 0.269309 3.726137 
3.479693 0.054541 1.059145 5.166702 0.051391 29.209832 2.553772 0.762515 7.378566 0.027726 8.236621 0.336400 0.101633 0.329533 0.119438 0.814480 0.406404 0.278864 0.801143 1.812359 0.428063 0.022696 0.527239 10.193974 0.306369 0.315894 0.414918 6.621670 0.300700 0.098905 0.562900 0.491223 0.065280 0.042044 0.185047 1.641862 
3.817735 1.807972 18.508593 23.007418 4.275889 0.691020 0.195132 4.700926 0.078461 0.079062 17.384803 0.023872 0.356068 0.091654 35.162219 39.453381 1.206114 3.974761 0.047348 8.913035 0.458675 0.620993 0.382617 0.211372 0.055391 1.936255 14.763641 2.432367 0.228519 0.617699 15.784888 0.576482 0.031717 7.991629 67.936012 
5.267588 0.100272 0.019958 0.433809 0.813360 1.164050 0.202369 1.956944 4.356104 0.033045 5.589275 0.054328 2.056639 0.097997 27.345462 0.294195 0.183497 1.721384 20.599778 0.358238 10.204562 0.291024 2.005979 3.203464 0.064895 5.013676 0.265132 0.506737 2.773537 29.336101 0.054802 5.808793 0.759332 0.192628 
1.579002 7.983837 3.004444 0.127235 10.210263 0.028975 0.308556 15.743145 3.688029 0.082445 41.539265 0.640032 4.898599 0.133753 0.084693 5.538584 0.502950 4.677582 19.261545 1.723691 0.149475 0.097105 0.219514 0.652087 12.684143 6.656154 9.197754 0.179866 0.605215 3.521686 2.104558 2.528104 6.851208 0.650278 0.230933 0.010958 1.088412 1.072786 0.811927 
0.045621 3.192675 0.012120 0.020510 0.029375 0.032576 0.538032 0.028629 3.380773 0.048781 49.284744 0.057364 1.909731 0.630395 0.719716 5.939133 4.985287 0.042219 112.100307 26.559591 0.068694 0.121229 2.832649 0.617694 0.190777 0.500914 0.263115 0.913087 19.506391 2.632781 0.026066 6.652185 7.561186 0.711945 4.804620 1.561445 0.160868 10.769941 1.247886 18.728022 2.506634 0.158276 0.155534 1.092095 0.149595 
0.729795 0.118888 4.234129 1.637544 0.020604 0.183992 0.112583 0.714589 3.980080 0.365915 56.308156 5.916254 2.978702 0.259810 0.525612 1.764191 0.008268 0.200743 29.584117 2.475213 0.022301 0.396835 19.055488 1.869320 
0.720524 0.111772 0.088163 2.160064 0.021365 0.065541 0.084441 0.366140 4.507609 0.450177 23.822357 4.979605 87.511715 6.142361 0.514106 0.405485 10.587106 0.144134 18.689958 1.593468 1.232826 0.105953 0.089229 0.188832 0.129775 11.364457 3.004250 3.465479 0.272473 0.471234 11.244818 
2.152192 0.027236 29.776516 2.262798 0.712739 0.148170 2.082740 0.140582 4.209676 0.492936 4.169340 10.010984 49.944654 0.079699 0.473687 0.017954 18.340566 2.944426 0.008724 0.393714 3.260853 1.254784 0.070212 0.125484 9.834462 0.861543 0.169770 1.023592 0.075980 1.295366 0.725150 0.105478 0.180789 0.111926 6.144252 7.137618 2.636652 
41.360459 0.389751 5.258362 0.087006 0.099595 0.209725 0.053717 0.134502 4.901857 0.835291 1.221898 0.720952 0.033094 20.437693 0.638224 0.242303 6.625740 21.298710 0.905131 0.753688 0.070672 0.102478 0.307510 3.860664 59.411195 1.193434 0.055032 0.029314 4.669339 4.884168 0.305239 0.022580 5.677189 0.191584 0.360402 0.015992 3.463554 0.321290 0.219227 0.340997 0.053167 0.215887 0.033814 0.804022 0.618486 0.021967 
1.181002 1.862560 0.331687 0.717464 2.009024 26.558966 5.610334 0.054734 0.031414 0.421428 0.070728 0.030835 4.515749 1.793759 0.295991 0.092818 10.283690 0.176716 49.889034 0.742548 0.416388 0.011654 76.178426 4.826192 83.924367 0.358016 94.161872 3.250806 10.653053 1.484787 7.324413 0.428420 0.338619 
1.157772 0.384924 14.612106 0.108314 13.993544 0.166357 0.071701 30.542781 2.910039 0.281885 1.012516 0.090037 3.918658 1.987295 0.064624 0.080634 0.134301 0.106374 0.217946 0.575362 1.388333 2.415498 52.808859 1.391736 0.170271 0.467021 0.051293 0.499477 
0.157823 10.170221 5.889209 0.165753 21.102051 0.919108 0.494978 5.296720 1.319050 0.083604 1.028084 0.102703 7.171752 0.081070 0.152324 25.735191 0.179848 0.914174 2.388808 2.604247 0.124810 0.103447 0.032237 0.920677 6.265984 4.562141 0.033104 1.605994 0.019341 0.796599 0.026685 0.255608 2.107165 0.357762 
1.091424 1.156438 0.058224 1.964777 17.271175 71.187278 0.216589 0.712838 1.565897 11.443591 0.094121 0.226308 0.325962 0.295357 0.070633 69.028531 14.649463 0.404720 0.093508 2.017211 0.152403 1.100307 0.243298 2.848661 0.385876 0.903379 2.169028 4.400595 0.352752 0.424641 6.907061 0.208047 56.187945 0.385109 1.461320 6.124466 0.066172 
6.954969 0.391506 0.252686 7.170605 14.600038 0.409569 0.193302 0.271630 1.948884 0.064630 0.018363 0.045970 0.376970 2.505464 2.057988 68.610654 0.200419 0.025501 4.947609 0.111196 0.318863 0.070262 0.339315 0.021154 1.896894 0.992454 0.175974 0.040280 1.233132 0.418374 4.436551 0.696107 
2.642774 0.359179 0.380231 13.966720 79.071281 15.785481 5.206067 0.752630 2.035170 13.092279 6.659594 1.982163 0.245573 1.026895 0.500489 82.506668 0.072426 0.163036 3.379687 0.036952 4.410131 0.040915 0.103840 23.023380 64.377289 0.010435 0.013006 12.535570 1.278251 0.443997 0.021599 1.161205 1.310508 0.619250 
14.988173 0.399500 0.712939 0.271162 55.363026 0.065003 4.062421 0.055722 0.189565 3.723488 1.309399 0.504204 0.032013 0.275015 0.609482 16.850995 0.107969 0.056966 0.074909 5.442228 1.326173 2.466629 0.699944 0.755321 2.343429 3.118273 0.147284 0.059159 1.206923 2.694680 1.007138 0.431173 1.144534 
22.112813 0.043175 0.504695 0.193949 66.841409 2.566569 6.941263 0.938922 8.670162 2.170716 8.773577 0.563822 0.079252 46.466427 0.288452 45.243926 0.080413 0.094696 0.442671 0.306541 1.782979 0.534958 0.031388 
3.572358 1.769698 0.381302 0.020411 59.928141 5.167658 0.106285 5.614852 3.011703 0.485987 0.077027 18.287379 0.927103 62.782726 0.075915 26.974828 0.169891 0.071831 0.344364 2.289772 3.779874 0.107578 3.391103 6.595570 2.110511 0.139807 3.714587 0.274551 0.109519 0.039521 1.657878 0.065452 5.621975 3.045222 0.232421 0.128965 
0.253610 2.662580 0.134848 0.100651 113.099147 12.380610 2.682344 0.604808 0.104501 0.262579 0.607586 12.809234 0.968353 196.895229 52.918845 0.482199 0.054485 9.995918 0.563156 11.940865 0.596243 1.241843 1.217491 1.235100 0.028556 2.772437 1.248302 0.348815 0.652140 0.030370 0.140378 
0.212560 10.971200 0.751619 27.609261 113.867847 15.229312 0.699843 0.624987 68.283209 0.032822 0.099271 0.319853 2.204451 57.600372 0.166477 13.090469 61.551685 3.113786 6.882963 
0.300366 14.828443 0.479415 0.024759 49.568169 0.563530 0.201973 0.532040 11.724092 0.778665 0.340043 0.020868 0.590253 191.338786 0.087415 3.786329 0.389649 0.076962 0.059925 0.030188 3.596227 1.160475 3.206962 2.084233 1.802929 
0.216675 10.878177 1.745527 0.508258 185.643805 0.423018 0.146151 0.069976 3.023908 1.717721 0.255362 0.815032 1.850582 30.018965 0.064315 0.701002 12.466145 1.199771 88.651356 0.036719 1.968104 0.394068 0.038107 0.111815 32.717121 0.234247 82.137398 3.938930 1.221283 0.040942 0.716541 5.759666 0.590917 0.065683 1.621941 0.245806 0.096683 5.671712 0.875665 0.069465 1.473654 
0.249645 7.356334 1.502499 0.039762 128.673290 17.963468 0.459508 1.220540 142.196859 0.198012 54.733644 0.139890 21.399532 165.149776 0.763579 0.410589 0.431499 17.572104 0.293140 0.754332 0.044115 0.493603 2.807607 3.013242 0.330849 1.569520 11.084577 1.604025 1.060747 0.066277 1.474810 0.628753 0.757800 0.285345 8.461723 
0.158948 17.966693 0.054889 6.306762 19.879697 2.634601 0.787841 0.840831 20.856692 0.712571 0.267819 37.413896 0.177761 41.084116 0.072205 0.025717 1.337547 0.075041 0.710388 0.417207 0.551120 0.018379 1.734102 0.650395 0.192075 18.430962 0.177243 0.188525 4.272736 
0.374594 48.250695 0.918419 1.874460 0.506998 53.631223 0.169662 0.018158 1.145801 14.772621 0.090046 2.436956 48.414617 29.995761 0.098505 0.795551 4.372166 0.641239 0.884508 0.079300 8.224550 0.300597 1.499367 
0.171072 8.796753 0.145965 5.438321 0.480577 34.785328 5.630612 0.115279 5.341984 0.605139 1.385808 0.833798 0.012694 83.748516 0.445416 0.022152 1.268678 0.050464 2.130372 0.083891 0.050012 0.131181 0.121227 107.792490 0.066981 1.506763 16.302331 1.400289 0.175943 40.548128 0.053081 
0.167985 0.077698 0.128352 11.833169 1.030818 42.149381 18.835757 0.814278 0.524378 0.948479 2.153510 0.016533 3.640556 73.124561 8.625502 0.112223 0.157249 0.632750 4.407709 0.469338 1.133306 0.359378 1.127623 0.322940 
0.116484 0.167666 0.031861 0.355796 0.113148 13.969645 0.717263 0.041419 0.203876 1.351835 0.727269 0.985855 0.129257 25.970971 0.078841 1.069042 8.402801 0.713298 4.290935 2.092254 0.606767 0.852460 0.374056 0.234203 
0.062549 0.522055 0.407106 24.970110 9.263280 66.150221 1.077707 9.561742 2.687403 0.801725 0.062733 0.833419 0.676355 91.169047 0.147527 0.030183 4.640823 0.051255 1.730032 0.394399 0.148939 1.173849 0.791570 1.709102 0.206844 0.697865 0.410680 0.049722 
0.412962 1.614313 0.915169 0.249523 29.196936 27.852763 0.628620 0.012822 4.357311 0.188024 0.740932 15.387978 88.826852 53.405247 0.020945 0.046194 10.277596 0.031425 0.134004 0.022494 0.285293 0.321573 2.071290 0.019791 0.149175 10.620471 0.054145 1.266057 8.515917 0.054014 
0.254735 3.981694 1.256813 0.040958 2.735862 20.576393 8.115199 0.059563 0.514132 0.033754 0.884197 0.419441 0.022893 102.441716 0.250024 0.727480 0.613422 3.375052 
0.243478 3.825283 2.165070 0.703451 2.758178 12.986162 0.532868 6.664791 0.206191 0.685265 0.030843 0.199282 0.043436 53.713085 0.588769 0.034965 69.327747 0.071638 0.452956 1.157462 
0.050475 2.939104 1.037536 1.112289 7.226482 83.912341 0.755472 1.401022 0.030075 0.535108 0.102231 0.099978 0.234469 42.281111 0.086315 3.009631 0.107233 71.463065 36.263683 7.153751 0.889849 9.073957 10.893271 0.121191 0.088418 0.847585 2.414111 0.018334 3.752806 1.147073 1.339803 2.593100 0.053879 0.368855 3.270625 0.205482 0.790280 1.352029 0.038680 0.621722 1.673341 0.233103 1.782117 0.862984 0.766034 0.026015 8.600820 13.084926 0.562869 0.280111 0.298837 1.941587 0.298766 
0.087439 0.143214 0.863818 0.688772 6.429370 34.125955 7.704784 2.032841 1.708256 0.108506 0.641390 0.719057 0.068321 1.079034 0.261112 3.306396 0.073384 27.581615 1.399881 0.788901 2.039203 6.700236 2.840068 0.859295 0.251748 0.040959 0.155450 0.019855 42.686591 0.755205 0.066371 5.604028 
0.363827 1.396142 0.177478 1.132301 10.362859 49.659328 0.577977 0.036154 0.349038 0.473927 0.209458 0.483607 0.994380 4.018719 0.089043 2.791242 0.082168 32.441276 0.722273 0.420500 5.086576 0.026800 0.018682 0.169484 0.598902 0.605007 0.356931 1.701366 0.406514 0.534075 1.962808 
0.248640 2.571064 1.903806 1.445230 6.068714 20.189392 0.665030 0.417131 72.505141 12.166981 0.059721 27.041280 0.020365 0.508137 0.910794 1.929550 0.241547 0.699518 0.093887 2.383373 0.134838 2.372673 5.583655 0.622820 6.173199 0.046320 0.181213 71.625014 0.976456 1.473593 0.829225 0.074388 0.057616 0.304284 7.126267 0.508943 7.684722 0.153418 2.118064 0.898067 0.075792 0.142074 3.727610 0.443537 0.196523 
0.108025 0.012102 0.673070 45.713410 4.529438 0.374693 0.459410 14.478720 0.084832 12.010095 0.099927 1.107242 0.296381 56.455756 0.306080 3.511959 0.053833 1.119458 2.379195 1.333323 0.774430 1.130763 7.567685 0.482390 3.466651 0.015409 0.076126 0.015151 0.081249 0.050816 0.090045 0.224767 2.123098 0.055400 8.779497 0.248653 
0.356627 2.682196 4.096639 77.687545 0.721356 0.702987 0.504126 76.622661 0.548769 0.010400 0.514987 0.537896 0.430648 20.046631 0.012152 4.643762 2.073937 0.459395 0.152005 0.290017 0.184087 0.076567 3.347840 0.165208 0.016788 0.459599 2.079473 0.187212 1.027590 1.720770 0.115249 0.213461 0.778450 0.224153 0.722978 0.156466 0.221042 
0.988181 2.705591 0.535601 52.478607 0.781326 0.065537 0.637750 132.561145 0.071238 0.095507 0.045715 0.017550 0.034152 18.221215 3.319406 5.642098 5.627620 0.264221 9.835152 4.056514 
2.224440 0.216698 0.063843 29.907263 8.572808 0.849028 0.376076 72.210724 0.569457 0.029141 2.348560 0.410629 0.023106 21.592926 0.070680 5.370269 4.234328 0.010218 0.225230 0.187674 13.631829 2.344532 0.257532 0.759175 1.630035 1.153927 0.031893 0.697084 0.655736 0.037823 0.303817 0.339993 
0.440792 0.415734 28.261561 32.966099 0.172962 0.554406 0.245635 3.289407 9.451950 0.313168 30.340628 0.105753 0.129851 26.485114 0.703661 6.662635 3.310920 0.416282 5.586843 0.834709 1.591663 0.345562 1.914730 0.017198 0.245961 0.502725 2.399223 0.918067 0.097867 1.602946 10.078073 4.197352 5.670782 0.481717 1.806221 3.369427 0.048443 0.042310 1.051267 0.010663 
0.783832 0.065414 6.215762 86.530264 11.136478 1.247690 0.138635 11.042370 0.274170 0.761929 4.246848 0.953615 0.718719 66.678116 0.135801 0.205234 0.658030 0.061940 9.455212 1.115196 0.012631 0.334904 2.737877 0.718410 0.028764 0.286595 
0.695286 5.305482 0.092464 61.311154 0.385699 0.152350 0.055312 35.126723 58.298350 0.878375 0.091090 2.556088 0.168641 0.073934 0.655223 15.190742 0.259469 0.741871 48.619860 0.812985 0.067179 1.096699 1.446766 0.036808 0.373047 0.178264 0.064359 1.615113 0.248418 
0.658768 3.359679 0.212035 69.681379 1.081283 0.123952 0.153797 62.456365 14.980407 1.493260 2.159502 0.180855 0.119724 15.966420 0.650510 0.032630 0.437768 6.369421 0.121820 0.152091 0.074973 0.021802 26.942143 
0.462267 4.020194 7.335916 76.095923 0.021640 0.940739 1.182302 5.999531 0.075826 3.165261 0.129794 16.260589 16.042813 0.632246 2.604429 0.030719 12.521845 3.182077 0.416317 0.257870 0.690786 35.231961 7.007904 2.532423 3.675731 0.152172 0.286452 0.573264 0.468336 4.653019 1.093998 0.144407 
0.095704 60.946570 19.576566 0.026548 1.979623 0.370345 0.998971 0.409870 0.119781 5.404328 0.147436 23.696687 30.672266 0.420723 0.159493 10.893576 6.055362 5.539557 0.048398 0.486923 38.010072 76.230444 2.847126 0.959948 0.397823 0.750330 0.089678 0.250233 2.300766 22.367328 0.219247 0.790345 1.925215 0.361939 1.385707 0.061739 0.025071 
115.787862 61.648581 0.043253 0.038938 0.470917 2.909794 0.153539 2.212469 2.832896 0.309034 0.464684 10.476308 0.290491 0.090002 0.108693 0.186195 1.718300 9.216934 0.595037 0.286112 1.284470 225.060020 60.406765 188.391241 3.799500 1.218502 0.999192 0.800019 0.241995 0.313438 0.026564 11.878678 16.416180 1.352757 0.747939 0.362078 0.025317 4.264483 1.227397 0.037276 
19.735896 107.777433 0.696490 0.151322 0.496641 0.069424 1.337992 0.279624 150.565746 1.940484 7.368683 0.482811 1.237592 0.229928 11.042832 0.120367 0.025839 0.048857 0.577719 3.666318 0.198524 0.378313 2.968689 48.845727 2.742291 21.073284 0.029852 143.357119 0.031690 0.218023 0.364032 0.041370 0.198059 0.019174 6.710845 
70.968143 9.484976 38.892155 23.266493 0.034388 14.061195 0.035366 9.724733 0.210202 0.035247 0.606503 0.166500 4.677460 0.178145 2.946181 0.178324 0.280795 4.537937 0.303191 3.175063 0.058298 0.028605 0.068365 0.704135 6.539353 3.425892 3.881487 0.603767 1.327282 0.081121 0.114981 33.257565 1.539022 0.282855 1.151765 
7.016239 13.068580 0.339522 10.240544 0.024460 2.742153 0.635899 0.035084 19.942922 0.405919 5.120446 2.991892 0.015260 0.252877 2.855459 0.222054 0.288931 0.774219 0.162979 0.512007 0.394943 0.033094 4.943341 0.024853 0.097412 0.735290 9.483595 0.012072 0.015602 6.908041 2.524153 
2.872012 0.022777 0.056586 14.108777 0.041987 1.352233 48.635643 0.032377 11.979054 0.287410 0.149840 4.871963 1.528802 0.041705 3.593303 0.415957 0.068621 54.608790 0.042049 0.324442 109.978731 2.902342 0.121862 9.224460 0.146779 1.460317 0.188133 14.823902 1.637463 1.798672 59.656495 0.022550 0.031602 7.758081 0.015192 0.171222 0.166729 0.094192 45.660454 26.829220 12.931441 2.226545 0.559064 0.468650 
32.721572 0.116459 8.433592 23.980329 0.810946 10.500545 0.486867 0.306038 21.211853 4.726482 0.304906 0.069545 0.041377 0.060600 0.514105 0.778556 0.067254 0.320794 8.209179 0.169111 1.130355 1.073445 1.587319 0.027809 0.023755 3.518907 0.014342 4.604366 23.747713 0.120837 0.082999 5.622818 0.275506 6.540820 3.640537 1.427918 0.091842 0.615391 25.561014 0.078317 0.124568 0.985730 
33.741207 3.004427 0.022352 0.014479 1.163244 1.433943 0.105667 0.166739 1.513961 45.047770 24.644911 0.030276 3.486801 0.009274 4.109708 8.381218 0.013341 0.715248 2.209729 0.095764 2.040427 0.207313 1.697939 0.829112 0.007136 0.019635 0.012701 0.095986 0.034489 0.215803 0.080587 3.965871 0.319345 
0.723781 0.064168 5.876088 0.238312 0.091449 2.551097 44.484984 1.104597 0.287551 35.460081 0.123990 2.867980 0.203560 0.465893 0.011936 0.487831 2.179018 0.120939 0.588997 0.061801 3.390300 0.106954 4.423383 0.259549 0.066842 0.085104 0.316157 1.929911 1.438872 0.105235 0.705176 0.677112 0.105089 0.591124 7.847917 4.768144 0.157093 3.555711 0.215321 1.652831 0.165838 0.126593 0.047535 
0.379731 0.324291 3.542083 1.204663 0.325421 0.359794 46.887874 0.014395 9.057010 24.972328 4.257445 0.054055 0.114948 0.724253 1.547031 2.083510 1.239807 6.066613 0.853681 0.096635 1.432179 2.100321 0.060280 0.014883 6.150336 0.115353 0.027781 12.137861 4.890622 1.315468 0.498110 1.499475 0.373293 0.013837 0.043990 7.318054 6.308297 0.009920 0.048771 4.505801 0.294247 1.278680 0.025746 0.032058 0.206148 
0.155198 0.704870 3.576898 0.026498 0.045326 0.225966 44.934966 0.199211 1.847987 36.544279 0.122280 1.995838 0.028800 0.408887 0.224599 0.021822 2.365993 0.028663 0.125962 0.044604 0.032866 0.102718 5.093562 0.010646 0.378795 0.498165 0.008641 34.659281 0.770134 2.360282 3.008163 0.466692 0.544477 1.463898 1.377505 4.444364 1.067341 0.171219 2.060177 
0.861933 1.629100 0.680906 4.886792 0.805331 1.291055 31.669491 0.049642 2.623595 57.306146 0.384575 2.976483 0.031050 0.013968 17.140157 0.026839 0.501935 8.220179 0.171484 0.564616 0.184015 0.267087 0.102097 0.371698 1.083521 0.080281 20.419457 56.559670 0.684759 0.035188 3.600147 4.860736 0.286491 3.227213 0.141389 1.513175 0.466109 0.655750 0.098760 14.162810 0.072377 0.035381 
0.385176 0.040069 0.459306 19.219432 2.895575 0.022514 63.810317 0.032265 35.200915 105.748303 22.624637 2.096999 0.372990 0.113094 0.077602 0.914620 62.133813 31.456953 0.616805 0.048765 94.428034 0.105409 0.493603 0.220675 5.388476 0.212591 0.292208 20.317501 0.419246 0.190166 29.427833 2.490417 0.037715 0.335235 37.149633 8.770498 0.422133 0.253575 0.937807 0.202436 
0.226735 0.062986 20.041978 0.237236 0.426680 0.092540 46.710891 0.599853 17.106443 4.647698 0.045464 0.925885 0.022256 1.435729 0.096727 1.315950 0.075147 0.127646 0.792243 2.953995 89.093473 0.061489 0.076046 61.312396 0.538532 0.055129 43.706689 0.896119 51.485814 9.768073 12.097560 9.350208 2.886651 0.196657 0.717943 1.022909 0.528358 0.993695 0.731613 3.012273 
0.072404 0.058297 10.261683 83.621151 1.611930 1.638115 27.810360 0.057484 0.720611 15.225311 44.538726 12.012549 0.055228 2.476643 0.142284 4.529952 2.144196 0.017622 0.667376 0.199741 84.283921 0.076671 0.353675 68.939979 0.024090 29.834246 0.111486 4.584697 0.246553 3.705428 24.064353 0.024231 0.192769 6.598038 5.606765 0.164638 2.129267 0.555217 0.167946 0.044872 0.577672 91.224478 0.108687 
0.022647 0.143022 110.314460 0.012860 0.036292 3.038067 7.407452 0.994152 0.131431 4.990256 1.135305 0.050387 1.599853 11.833458 0.701379 0.670768 0.039717 0.172128 35.825665 20.569330 58.007945 6.452301 0.052252 0.015809 0.034407 0.233891 6.793710 1.069291 0.015600 0.012247 22.350721 0.308897 8.583341 0.221381 1.494108 0.090330 0.127688 27.098546 20.470950 0.365355 0.178193 0.131000 
0.368572 0.179876 67.068123 5.652307 5.140789 0.471270 0.759138 0.148334 4.439846 3.348996 0.100815 0.062140 0.060128 15.183337 0.940923 0.138531 1.152244 0.153443 62.429631 132.146849 76.532900 0.271057 0.551002 0.128452 0.115900 7.188986 0.701815 25.966492 1.605472 0.184165 13.489154 0.073941 0.109790 0.675257 0.142794 2.817589 0.472985 2.321652 0.022840 3.928153 0.059919 3.568081 0.160043 
2.040103 15.968265 28.442112 0.785412 0.151800 0.032749 62.306064 42.012185 1.215991 0.599109 0.400103 1.073800 0.280683 11.940805 0.426875 0.442116 95.550758 12.741242 1.160899 0.067802 26.033238 0.030508 2.917504 0.023361 0.053185 1.883330 0.110033 9.476651 0.721374 0.460613 31.326732 0.380162 0.562594 0.552618 61.167180 25.472967 45.188524 28.013976 2.071553 0.042348 0.027890 0.033945 0.078766 0.359051 29.267039 0.262125 9.264430 0.897490 0.260898 1.803580 1.096709 10.690567 0.862691 3.827138 0.136790 3.628198 
4.936697 0.051387 6.141178 0.339101 2.037582 2.892581 4.242503 0.110069 0.025684 3.569538 135.239896 0.058779 0.209997 143.879475 0.128542 4.182848 1.289478 2.281128 0.077189 0.036675 63.073412 0.200928 0.707915 4.412612 0.163010 1.146428 0.167613 5.144886 0.550074 0.065969 41.207722 91.078852 0.980002 22.825656 0.025812 0.967160 5.795872 7.870668 0.217619 32.632592 0.483964 0.292938 2.097218 0.624401 36.635148 0.069868 
29.175706 0.069328 3.741850 11.597277 194.231874 244.356785 1.066744 2.843311 0.378953 1.875176 0.634177 0.064241 0.075842 0.122922 0.907153 2.543325 15.097238 0.538653 3.444516 0.489872 139.707808 0.199766 0.424841 0.720404 0.029337 4.100702 0.375763 13.401442 1.670849 0.041273 41.646414 13.601126 79.142123 0.030550 0.051793 0.265674 1.971599 0.961912 10.952861 1.832086 23.790897 
45.697044 41.041299 0.079719 11.208976 0.130028 0.151716 0.316247 3.198631 0.129713 0.021343 0.090846 1.089881 0.702432 16.686803 0.021936 4.445520 134.458395 0.025033 2.752120 0.092571 17.281311 0.063988 16.885836 1.036568 142.589342 0.326632 0.024889 7.461305 9.647399 0.249631 6.906501 1.119621 1.589319 0.958049 0.040808 
38.188300 0.137129 0.224653 33.855929 0.128109 0.152151 0.489182 3.040763 0.135680 3.062384 0.025362 1.915470 0.473981 0.175068 4.344253 2.169845 1.052439 15.917310 1.726337 0.327015 61.505527 0.089265 13.587661 0.044306 0.069496 50.565728 0.119341 0.052591 32.470629 1.760020 0.384019 0.145440 0.065120 86.142091 0.237698 0.582200 116.612456 0.167701 0.403224 0.416128 1.125401 
149.456566 0.042777 64.343950 0.047142 0.188768 3.367288 9.428107 4.520587 0.174708 0.223833 0.127207 0.336020 0.235656 0.024827 0.157582 0.044314 5.532078 0.319175 17.535358 0.162979 31.867795 0.152069 16.711631 0.822008 0.380429 9.230884 0.520371 11.958016 6.438642 0.543805 0.241525 3.936983 0.121008 1.414238 8.074957 8.288189 
47.656261 0.306480 5.543588 0.048765 36.316514 1.825606 12.526285 0.058139 0.226950 1.203513 0.195500 0.260588 8.473099 0.030454 100.742311 16.876695 10.947395 3.218385 0.025366 5.976315 20.883212 0.062105 0.065454 1.112233 0.063700 4.431048 137.519874 2.848921 0.056865 0.500409 0.117510 68.416003 2.157339 2.281157 
177.905514 0.023780 0.055211 6.403775 85.794192 0.256005 3.056722 0.022319 0.077485 0.116391 0.072648 0.147451 8.700185 1.036561 0.345409 15.852105 4.756671 18.120710 0.218193 55.998648 38.556969 0.127015 32.381023 0.777925 2.060343 0.125427 0.199709 0.406141 125.423821 51.527993 0.803164 9.186368 10.898665 5.160476 0.049419 3.907837 0.728468 0.313259 0.381359 25.845262 0.859235 0.290660 0.563134 1.760995 0.035982 0.999691 110.484358 5.727940 0.613243 6.045299 
94.652106 2.106463 0.056710 0.024449 83.949464 0.181132 0.429110 0.054003 0.129090 4.260102 0.017745 0.069921 3.968989 1.802301 0.563826 11.504906 99.363711 2.994382 0.375121 9.013129 23.370970 0.159961 0.617693 12.222217 0.027896 1.023918 4.850705 0.253181 112.594682 0.301241 1.066554 1.623019 33.940955 0.526980 0.943765 3.617799 0.041658 0.108516 0.342314 0.055615 0.436516 0.024778 0.668028 1.003682 0.403375 1.122488 0.227958 0.028916 139.395724 2.029578 0.963141 0.312549 1.239920 0.376841 0.939102 
76.314154 0.024026 0.361336 0.099754 31.952365 0.082646 0.371505 0.041015 6.319255 0.066327 23.845335 0.541422 0.390755 0.081351 4.729905 12.034304 0.263605 0.431589 0.973357 0.118589 26.981738 0.202093 6.798727 0.390507 0.293362 0.389446 26.193371 0.086848 22.366404 2.822311 0.085939 4.779865 3.225191 4.217470 0.055923 2.123491 0.480685 
17.719538 0.374315 0.504973 0.130206 42.021870 0.286470 0.867256 0.043120 0.046703 0.467356 1.518509 0.128874 0.462250 0.144416 10.445469 11.441122 0.261161 2.538937 0.231190 1.014318 32.952030 0.118825 1.924955 0.857046 0.242555 0.114651 3.707908 0.051691 10.897767 0.184459 0.270111 0.205964 0.256988 0.483558 0.179627 3.178109 0.710163 1.079993 0.256513 
80.063600 0.186792 0.505979 16.181415 89.350401 0.017961 4.179661 5.618793 1.766667 0.032678 16.049316 0.825727 0.067555 0.188329 0.866251 11.916018 0.073160 0.456514 0.015123 0.606600 16.933875 0.778596 10.339623 0.279184 6.103518 0.200899 0.654230 0.010806 0.375406 1.145915 0.185334 3.251157 4.828265 1.031836 0.772643 3.492995 0.138184 12.070333 
15.462924 0.021174 0.127195 8.371605 30.539687 60.143598 0.030126 8.754497 0.641026 1.214581 0.040572 0.566179 0.059452 0.018059 0.616275 11.992393 21.491762 0.528235 0.870748 0.102523 31.873081 0.224289 0.012154 0.199061 1.042969 0.393443 4.665382 2.096240 0.119655 1.078375 0.107484 0.314423 0.954537 0.066187 0.182356 
61.063785 0.508794 0.122585 0.372570 37.262829 1.921959 0.629164 6.091661 0.806729 0.013510 5.615038 0.459502 0.018796 0.065059 0.118566 22.832515 0.785493 3.806983 0.051201 0.340241 46.726828 2.705531 0.521790 7.735166 0.398507 0.300779 0.430812 0.067691 0.758724 0.346080 0.287163 0.399713 0.660579 
103.328528 0.720790 5.964992 0.557390 44.162104 0.056939 0.262230 5.012578 5.677822 0.120981 0.054256 0.273199 0.039738 0.247976 0.801585 31.228753 82.446067 1.232652 0.447633 0.088959 46.633821 7.700569 19.319878 0.066015 0.259568 0.151051 0.074180 1.489482 0.737346 0.051324 0.037338 0.076094 0.033683 0.082731 0.114943 23.341367 
58.912559 0.213970 0.782301 0.558537 53.889305 0.013166 8.782197 6.376712 0.467255 0.579170 12.372847 0.305383 0.019746 0.028499 4.322008 22.063036 0.034980 37.234562 0.982002 0.772068 28.487432 4.969007 0.018746 7.701646 0.709963 0.385069 0.820998 0.256446 3.339197 0.055020 0.043474 1.774245 
152.744618 0.117076 0.067896 0.023795 3.983728 0.065524 0.672597 7.565519 19.890781 27.759672 0.186664 0.323695 3.661083 0.140887 7.086648 10.556231 0.174842 0.024366 0.542973 6.036019 66.157898 34.057608 0.429963 17.702838 0.160943 0.119566 0.117075 0.623379 0.530715 0.039947 0.142931 1.180922 0.206988 0.596005 0.575681 0.217972 13.025451 3.812419 57.775833 77.227192 0.577635 0.562680 
104.891125 0.025424 0.632864 0.137478 1.984880 0.260855 3.917918 0.094571 0.386737 10.788905 0.277753 1.054498 0.419062 144.111293 0.029036 3.319453 0.024861 0.064712 0.021298 0.691415 39.783699 0.258008 0.047741 7.421846 13.642114 0.174339 2.400438 4.931548 0.097627 8.337558 11.358595 2.734374 0.070078 0.171999 10.185613 6.433040 0.138729 0.096872 
25.500297 0.175375 0.436953 0.681913 1.164114 0.129970 0.129079 1.410606 0.027861 19.933649 0.200351 0.058582 0.033612 37.253253 0.011661 4.830214 2.505705 0.046191 0.242767 0.118961 0.025485 2.162859 2.211484 1.038057 0.011058 0.014302 0.297128 0.288627 23.892398 1.116196 0.135438 0.807505 2.355139 0.736357 0.070725 41.723742 1.200918 0.029880 1.800132 0.098336 0.062468 1.248547 
