-8.168563 -18.668553 -12.228544 -15.259742 -13.740812 -9.877263 -2.785529 -20.054776 -7.560989 -7.892039 -10.706780 -6.312028 -18.941886 -10.411644 -4.466873 -5.657079 -8.539036 -5.400730 -17.891954 -15.434329 -6.851938 -7.784065 -12.617642 -17.919455 -5.484786 -10.724483 -16.738434 -2.351357 -10.698004 -9.723115 -19.128470 
-8.291346 -10.630905 -9.301516 -1.683417 -6.289956 -9.304547 -18.879075 -4.810860 -3.264624 -15.203291 -6.375039 -6.730015 -13.486091 -10.469995 -8.667653 -5.200272 -8.828026 -5.157512 -10.592719 -2.859120 -8.122039 -9.081999 -18.250624 -16.722128 -3.004117 -3.375335 -12.796861 -14.372041 -14.937523 -14.990522 -2.457441 -11.370955 
-8.444298 -17.273103 -11.469119 -14.408015 -20.618257 -18.515867 -5.959126 -17.263715 -8.367282 -18.919588 -11.827361 -2.013691 -6.740521 -10.632909 -12.203395 -5.170247 -8.974738 -8.972462 -11.087089 -18.157333 -8.656501 -17.618383 -6.567632 
-14.493615 -6.269651 -16.207874 -11.861379 -16.831137 -18.833320 -18.351182 -5.381009 -8.155006 -5.648685 -8.062071 -8.588712 -8.764727 -10.778947 -6.662922 -11.654722 -9.040236 -11.567654 -13.316622 -3.750632 -20.112004 -1.888752 -12.032640 
-14.958678 -3.714684 -6.893859 -11.848406 -14.484875 -4.691255 -13.139368 -2.048821 -11.575000 -8.478508 -7.466797 -9.072302 -8.051868 -10.454378 -7.787267 -7.979605 -9.670734 -4.262952 -6.333622 -7.139558 -13.716381 -14.557847 -3.669560 -12.812333 -2.049793 -11.857097 -5.605673 -10.586421 -16.290561 -11.070392 -3.637739 
-14.947824 -4.366264 -9.832477 -8.590631 -5.599955 -4.499074 -12.898434 -3.450313 -11.244211 -14.661473 -7.526942 -7.246566 -8.143444 -10.236567 -12.260671 -8.226570 -9.437288 -3.980607 -3.249749 -5.001208 -12.527594 -11.618496 -13.113491 -2.618438 -14.557199 -4.584436 -3.133837 -4.911919 -7.312416 
-18.074877 -9.761168 -10.433750 -9.525724 -13.610532 -2.854681 -12.319115 -7.039730 -15.868081 -16.983434 -10.844982 -2.030002 -8.219766 -10.317022 -15.948921 -8.141273 -9.279431 -13.473803 -15.727640 -6.684334 -11.027224 -13.797659 -3.252222 -15.908896 -17.177611 -15.782543 -10.884725 
-20.291353 -8.903617 -16.222458 -7.329376 -18.006098 -2.920880 -4.560292 -16.252231 -1.753027 -4.130771 -7.885738 -5.824929 -12.902212 -10.384810 -2.954881 -8.797934 -9.167732 -13.222119 -2.361311 -6.536795 -14.637444 -8.635791 -13.659041 -10.484067 -12.408191 -13.021182 -11.598350 -15.426040 -18.389589 -5.385326 
-15.534205 -17.690832 -7.350488 -3.444319 -8.420844 -4.657393 -12.175860 -3.648924 -11.117793 -3.840802 -7.462998 -17.654341 -6.267833 -9.927788 -15.487424 -15.019518 -9.430341 -12.030813 -14.791200 -16.023616 -17.806035 -5.072060 -3.106240 -6.011840 -7.116348 -7.252717 -17.511935 -8.278249 -14.063861 -7.214629 -14.124151 -10.345579 -18.731169 
-6.446597 -6.581778 -3.740171 -2.595555 -16.378497 -1.795820 -12.441989 -14.979883 -11.195246 -3.875785 -7.027427 -14.954454 -12.223649 -9.898327 -13.220811 -10.804204 -9.714138 -9.045102 -1.852921 -18.789430 -8.246210 -14.305216 -4.525167 -6.208558 -7.030470 -13.267807 -15.413393 -11.737728 -12.555824 -10.200945 
-8.922812 -3.686794 -2.852050 -10.011254 -12.355667 -6.714692 -9.322373 -6.408656 -13.563024 -2.716556 -7.358705 -13.319477 -12.714884 -12.102293 -18.087356 -10.402169 -8.986804 -6.014839 -14.075434 -9.690209 -16.709890 -14.531939 -17.181403 -1.767031 -6.205042 -17.260721 -13.661117 -6.436469 -10.953080 -11.973445 
-12.977913 -17.655970 -19.181846 -9.128151 -9.108904 -3.815514 -4.499855 -2.984242 -9.126663 -2.948124 -7.240466 -4.900239 -4.163790 -13.018006 -10.570591 -10.282116 -13.586922 -4.213239 -12.487939 -8.704623 -16.328535 -13.643739 -12.541408 -2.609418 -6.077116 -10.137699 -10.471398 -15.233890 -3.619641 -3.550172 -12.626438 -19.266912 
-14.034010 -11.479965 -15.900058 -12.337772 -11.389285 -3.509805 -9.745895 -16.227681 -1.985022 -10.454811 -8.079252 -9.662531 -18.868753 -18.150187 -18.393200 -9.785978 -9.486257 -13.247293 -7.035364 -13.672213 -2.562258 -9.528576 -4.684074 -10.360927 -11.958068 
-9.436640 -2.331447 -6.837497 -14.251999 -2.860305 -4.055368 -7.590419 -3.764324 -14.538858 -9.176544 -8.077261 -11.676897 -6.092214 -12.116404 -9.982226 -9.957711 -1.798508 -9.298772 -10.054775 -14.609634 -17.829433 -15.522892 -16.490502 -10.051636 -4.016266 -16.011291 -3.017245 -19.660766 -11.699539 -1.867455 -5.180091 -7.572485 -19.880979 -10.035945 -11.929079 -7.301672 -17.825413 
-6.742989 -7.626787 -7.595005 -9.285536 -17.473887 -3.549734 -7.476058 -16.158100 -7.393604 -9.385721 -8.676931 -11.309505 -3.930927 -7.083580 -2.214325 -10.289616 -13.768754 -9.359315 -6.658036 -14.151987 -2.309586 -7.612728 -1.704796 -2.258881 -5.445461 -3.708640 -19.997657 -15.161887 -11.193847 -13.035687 -10.537534 -13.062760 -5.247360 -14.115526 -15.270428 -7.411964 -3.008122 -6.273451 -10.879773 -14.717831 -15.139364 -19.055396 
-15.172819 -7.551700 -6.764580 -5.281348 -13.503820 -4.218330 -6.237315 -14.197296 -3.063710 -9.227989 -10.278531 -2.416525 -14.922153 -7.624191 -10.197740 -10.525809 -7.369405 -8.381697 -13.088045 -9.586915 -3.668043 -8.586047 -18.129998 -9.925808 -10.066420 -3.117419 -18.734654 -11.611688 -15.629269 
-7.366432 -12.835131 -8.442847 -17.277938 -8.993346 -3.764670 -15.232043 -16.101807 -1.937691 -9.287840 -9.733146 -18.559793 -14.223542 -10.509846 -6.202241 -3.812468 -13.295468 -16.313211 -1.956372 -9.568900 -14.459971 -10.809716 -4.482926 -12.892165 -13.002906 -14.379256 -13.151113 -2.601101 -19.047594 -19.672496 
-8.153916 -12.977927 -2.587176 -11.773138 -11.697859 -4.113346 -3.246537 -12.593933 -16.651785 -9.308575 -10.142661 -4.117155 -19.357539 -1.849095 -5.072469 -16.259000 -15.814931 -3.224137 -12.757428 -9.196557 -12.339480 -13.988254 -11.775079 -8.640417 -14.275838 -15.917935 -11.941832 -3.861686 -3.492653 -6.005236 -2.968874 
-8.304617 -13.832166 -5.549937 -2.676685 -5.676425 -3.441119 -9.385234 -11.140979 -18.333819 -8.815402 -10.008411 -20.152133 -18.183032 -3.494654 -3.112325 -4.729698 -7.534819 -11.466700 -2.002906 -9.073490 -3.427976 -13.804376 -14.333315 -11.123310 -17.919510 -3.193757 -16.720899 -17.294464 -16.109711 -12.870456 -15.873475 -12.547558 -13.253208 -9.498685 -13.969056 -11.906355 
-6.635053 -11.518154 -4.669893 -16.618954 -8.766815 -17.699056 -16.705175 -8.677532 -11.228094 -8.815402 -9.723886 -14.368177 -10.270109 -7.206580 -4.726752 -3.744668 -14.004792 -10.226465 -10.486084 -17.558520 -16.747730 -3.419641 -18.820201 -2.205843 -8.358615 -1.866598 -16.729669 -13.207841 -12.775989 -13.138872 -3.583626 -19.680743 -6.724501 -6.858815 -5.624118 
-8.246462 -3.472266 -17.269694 -14.049202 -15.218727 -20.062709 -18.026713 -4.459597 -7.943696 -8.846821 -10.157622 -15.817344 -7.246741 -7.732650 -3.895668 -13.889648 -2.603777 -8.855854 -2.252134 -14.680756 -17.690995 -10.350400 -3.330346 -9.325315 -8.727911 -19.355421 -9.156653 -16.541991 -6.522872 -5.745727 -11.041739 -9.620600 -1.985089 -9.730363 
-19.877771 -9.352033 -8.806106 -13.156973 -1.970147 -20.436584 -10.239012 -4.622941 -8.503136 -8.718026 -10.924553 -7.968666 -12.658399 -13.027824 -5.030841 -7.653286 -12.562722 -2.538267 -4.364759 -18.805934 -16.446450 -8.550635 -18.882383 -6.430674 -4.735737 -2.940720 -3.543077 -14.201887 -16.338404 -6.733146 -13.771094 -3.596469 -4.590121 -18.842513 -3.949731 -18.920330 -2.040990 -4.160565 -8.314090 
-7.699752 -7.964774 -7.180340 -6.831117 -8.904012 -14.268563 -12.792916 -10.944554 -8.222870 -9.888959 -10.582091 -11.169761 -9.788620 -10.244877 -13.016755 -16.273431 -10.852748 -13.506766 -2.960791 -2.334257 -15.900586 -10.720575 -2.689991 -3.192657 -8.195308 -18.280910 -17.094595 -2.587524 -2.144627 -13.972391 -6.835098 -8.948482 -18.300894 -2.334046 -16.768051 -5.745468 -14.164656 -7.489867 -7.169207 -2.023919 -19.429710 -15.291515 -15.031860 -20.392469 -8.362704 
-1.982623 -8.010594 -3.862898 -14.672996 -13.183490 -4.353278 -12.520641 -11.259099 -7.154054 -9.647054 -10.605195 -9.016589 -18.291084 -16.731854 -12.570117 -9.669385 -13.972960 -14.836679 -4.196987 -13.409906 -18.841259 -5.089403 -3.680785 -12.350401 
-16.868775 -7.493055 -14.997083 -17.370133 -12.419218 -19.569385 -3.539289 -4.168211 -7.388702 -9.300305 -10.224048 -9.189175 -2.799239 -2.259689 -16.411438 -13.204585 -9.954990 -2.121384 -3.283664 -13.700471 -20.420028 -2.205404 -1.962358 -14.374772 -9.863355 -5.623254 -19.621855 -3.532019 -19.541139 -14.830099 -1.800113 
-4.728529 -7.709355 -18.541768 -8.535414 -17.924726 -17.012995 -18.256924 -7.503616 -7.260630 -9.336385 -5.825983 -3.042431 -3.529583 -11.137950 -2.015459 -18.742542 -9.060122 -15.374212 -8.305726 -11.892400 -11.067963 -2.094506 -15.119374 -11.770557 -10.756395 -2.117769 -5.621936 -17.397147 -17.026669 -14.791316 -16.875055 -14.317640 -3.359727 -16.588372 -4.854418 -6.003303 -3.026272 
-3.457871 -8.598182 -18.116253 -11.016864 -4.768690 -2.903750 -5.741159 -5.195425 -7.265673 -9.471888 -3.781065 -12.063096 -10.386162 -5.062988 -15.506360 -16.041042 -9.326746 -2.415924 -19.712486 -11.562645 -1.932715 -7.893532 -13.193257 -16.320177 -10.551590 -19.933942 -14.693775 -3.502124 -9.116052 -12.475828 -17.782139 -11.818958 -14.963439 -15.401239 -7.790029 -17.128694 -17.208367 -14.615141 -4.564668 -6.569448 -17.313908 -12.976700 -11.107093 -19.968633 -13.716399 -15.855231 
-2.275282 -3.163997 -19.034832 -6.700597 -16.808182 -2.111678 -20.161563 -4.472066 -2.008137 -9.560027 -19.211640 -6.879191 -6.838510 -8.717223 -12.948298 -13.040680 -10.069147 -3.166528 -12.265761 -10.592816 -20.239666 -14.216351 -3.652191 -16.771034 -10.264329 -4.197297 -18.577243 -15.482559 -1.762349 -10.034275 -8.885966 -15.708085 -10.776952 
-3.054447 -16.053641 -9.135226 -3.193210 -9.952212 -19.380552 -14.879651 -15.785476 -8.220133 -9.524691 -11.224432 -7.090974 -7.414635 -8.678474 -15.248978 -4.289203 -13.646617 -12.734464 -11.668781 -6.546426 -18.694392 -14.865895 -3.978012 -16.391207 -16.134901 -2.234565 -19.037454 -4.033903 
-12.895464 -3.368347 -6.414869 -18.654331 -10.058776 -16.934462 -10.490652 -4.538784 -19.216861 -9.711405 -16.710838 -6.874068 -6.573018 -2.723430 -14.499257 -4.223430 -3.193307 -11.605868 -18.780856 -8.458201 -7.294301 -5.553109 -12.866868 -3.473811 -1.916841 -10.324130 -2.268722 -3.391187 -4.167309 -12.747710 -17.426245 -14.208996 -6.828203 -1.959383 
-17.630577 -2.630033 -3.119947 -12.157417 -10.179016 -3.427709 -10.468057 -6.013002 -6.043440 -3.013032 -13.669361 -3.148234 -1.718608 -4.804003 -7.903284 -5.339572 -3.128859 -4.125596 -5.144267 -8.591820 -3.990484 -10.801021 -9.969230 -3.632308 -7.093170 -2.239372 -17.068839 -6.675791 -16.327025 -13.676828 -11.420038 -2.967582 -10.023366 -2.880162 -10.558816 -10.668724 -13.597298 
-14.154911 -13.753276 -13.667790 -9.424061 -10.430655 -14.920859 -14.809756 -3.454575 -5.462405 -5.835516 -12.823178 -14.201561 -8.530237 -4.199277 -18.443747 -4.999968 -14.779871 -1.735381 -7.679397 -6.195065 -3.587179 -13.365212 -10.338078 -18.235209 -10.428562 -16.595348 -13.415751 -16.230080 -15.182102 -6.977252 -3.142450 -2.384324 
-14.168402 -12.286334 -9.270109 -9.181773 -10.997472 -3.485083 -3.374521 -2.124422 -5.515150 -1.885076 -9.232924 -18.944854 -8.705906 -4.948892 -5.959373 -5.028480 -17.407358 -12.947559 -8.784034 -2.897717 -5.419637 -7.474429 -14.588320 -7.954192 -5.254715 -11.376871 -9.181923 -16.706310 -18.026524 -17.028474 -15.356733 -6.156023 -5.983087 -4.450938 
-9.607301 -12.339239 -8.862353 -15.409975 -10.685682 -13.255248 -7.881049 -10.548789 -5.640639 -9.177584 -4.885028 -1.765618 -8.373364 -8.733886 -16.505648 -5.305674 -3.707543 -9.933671 -16.215982 -5.156490 -17.550229 -2.902555 -13.612120 -10.225928 -3.365353 -13.791760 -3.173199 -13.181237 -6.204662 -13.814312 -15.570469 -19.032276 -2.899439 
-3.423029 -9.990440 -9.607884 -2.683267 -10.541152 -1.665646 -7.343173 -16.068128 -16.095184 -6.101228 -9.338380 -20.610968 -7.931649 -9.305082 -14.109923 -5.302968 -6.916930 -11.771367 -13.168880 -4.977184 -8.842232 -2.108150 -4.174629 
-1.925507 -8.527467 -9.583315 -7.768892 -10.526482 -17.344671 -8.617642 -13.692610 -3.809993 -5.695976 -3.308826 -15.421233 -13.009039 -5.144425 -15.895107 -5.844906 -14.896474 -12.273539 -13.280699 -10.124395 -8.812678 -15.785010 -13.127843 -6.582876 -17.318706 -15.574653 -7.436682 -3.275787 -19.749709 -14.061708 -18.148025 -18.016112 -15.111731 -9.159385 -14.510727 -2.075887 
-9.229156 -7.521836 -2.151696 -7.192589 -10.216072 -6.847958 -2.835218 -14.293871 -15.560368 -1.762722 -10.159823 -19.316646 -9.343668 -5.760999 -19.941148 -5.272518 -10.155978 -16.856578 -12.590564 -9.371276 -19.781981 -18.735814 -7.658970 -5.956192 -6.706746 -8.398836 -8.262652 -10.957125 -17.206533 -12.840411 -16.299836 
-9.544918 -3.506217 -6.155630 -3.467660 -10.360381 -7.023321 -16.614872 -8.357969 -9.480912 -11.223142 -7.933327 -11.394758 -7.936477 -5.426815 -6.629600 -2.271780 -2.740206 -2.194182 -20.092418 
-9.384873 -6.900161 -3.164370 -8.228833 -10.459225 -15.203717 -7.320337 -11.619128 -8.767913 -5.905320 -14.113009 -10.099710 -4.762582 -5.519918 -6.527890 -8.537227 -6.033589 -6.576758 -13.176508 -17.262737 -18.869222 -7.923164 -3.194956 -16.171986 -15.849843 
-10.054940 -7.116179 -8.166041 -1.914571 -10.176714 -8.752875 -12.395314 -4.329346 -9.107271 -15.059470 -13.094151 -2.639268 -10.361935 -5.853423 -6.296994 -7.997233 -3.189550 -19.013109 -19.204031 -20.387692 -1.991571 -13.703145 -10.840393 -11.995754 -8.331184 -17.054511 -19.933638 -11.200774 -11.090006 -7.108001 -5.448350 -15.904747 -11.744791 -10.781939 -18.030228 -16.782239 -15.783624 -19.824293 -11.915577 -5.871513 -3.096676 
-10.003760 -7.256040 -7.590331 -12.616043 -10.131291 -10.079349 -15.213141 -4.380137 -9.830270 -2.520479 -1.831211 -5.265939 -4.080618 -4.831702 -6.325469 -12.113995 -5.682741 -19.328425 -6.986989 -11.252022 -8.207607 -11.558237 -10.499478 -9.558301 -15.970557 -5.150102 -3.761213 -20.607467 -1.871649 -12.185571 -2.803536 -10.882881 -10.094775 -1.971005 -4.338261 
-9.982157 -7.425103 -7.847053 -9.871111 -10.054673 -4.808172 -6.638547 -18.412651 -10.346237 -10.628482 -3.841001 -10.643863 -1.741812 -5.261160 -12.559537 -13.650659 -6.312342 -8.026388 -15.429106 -13.247718 -13.574533 -4.932999 -8.324342 -5.859127 -17.729071 -1.815907 -14.196185 -6.922630 -6.660597 
-9.910782 -7.207213 -7.336682 -9.624279 -14.267610 -10.012676 -15.395510 -7.272665 -3.910179 -10.880471 -12.036532 -8.369785 -2.762902 -4.030924 -3.729580 -18.142884 -6.837509 -1.726149 -18.498868 -4.523367 -9.256561 -13.354686 -3.530838 
-10.207316 -6.971297 -8.354345 -9.042543 -13.166863 -10.397233 -12.413932 -2.103752 -16.054635 -16.475447 -19.494637 -4.849953 -6.929529 -4.676655 -6.386153 -15.395298 -3.263634 -13.417165 -8.177969 -4.571016 -15.713388 -1.905576 -12.395922 -9.648375 -8.534340 -5.920428 -4.530580 -15.541808 -13.408334 -20.147936 -14.669271 
-9.750725 -12.827164 -8.140288 -4.373364 -1.861733 -10.452145 -14.964846 -12.720262 -8.646306 -4.554599 -1.765050 -13.618865 -9.044361 -3.851121 -19.728227 -15.307657 -12.888799 -4.792981 -8.282868 -1.743992 -10.909816 -16.463403 -4.439529 -11.972694 
-9.468453 -19.647838 -8.286455 -2.071285 -14.121168 -9.879971 -2.855065 -6.356583 -11.933882 -9.676921 -18.722007 -12.913281 -11.205245 -4.268071 -10.661326 -6.876356 -8.624876 -16.729415 -7.896017 -14.886178 -9.773867 -12.955860 -15.081334 -11.740328 
-9.549759 -3.383770 -8.408385 -7.832305 -3.980884 -9.906062 -9.464882 -17.102840 -8.226527 -9.316330 -6.759103 -12.094402 -16.079981 -4.404036 -6.517706 -15.436827 -9.111331 -3.601339 -17.465399 -16.700797 -13.184525 -12.383398 -5.202952 -1.992903 -13.379111 -12.690583 -16.698683 -1.916292 
-9.527890 -5.133384 -5.717086 -3.858199 -17.972075 -10.721976 -11.240993 -7.975128 -7.668583 -14.584284 -13.251103 -13.639220 -2.961051 -4.634540 -5.582958 -15.043356 -8.273492 -7.926004 -13.268325 -3.335297 -16.553652 -12.077489 -13.530835 -8.570548 -11.314034 -2.215852 -4.677294 -7.813367 -1.980567 -6.457913 
-9.511046 -8.065804 -16.751643 -6.047760 -8.459597 -10.523192 -1.952392 -12.415857 -13.915312 -7.961188 -4.785914 -12.348637 -13.141491 -4.108189 -2.846263 -6.814264 -10.618601 -7.117828 
-9.592305 -7.382757 -7.982600 -12.492749 -8.909922 -10.030650 -17.830648 -14.772681 -13.196599 -8.327537 -9.349478 -15.354022 -13.434029 -4.616859 -5.568760 -5.915912 -15.346222 -11.620389 -19.130069 -18.827499 
-10.169381 -16.087883 -10.964291 -12.177562 -8.935788 -10.802938 -15.279702 -3.428084 -15.382240 -12.490691 -13.258134 -10.299686 -12.878363 -3.788841 -15.101775 -8.589158 -8.408327 -4.050776 -10.806288 -9.929855 -11.571535 -15.667418 -15.426702 -16.721503 -16.658544 -10.411711 -6.513516 -14.108304 -17.311454 -4.277595 -18.884188 -14.580094 -10.614403 -11.159117 -10.938293 -13.761166 -5.345034 -10.898001 -18.631224 -13.335988 -8.326012 -17.156848 -2.057841 -12.388745 -11.933067 -13.025773 -17.465430 -5.156787 -3.592637 -13.391793 -2.584175 -1.818024 -12.247500 
-9.886463 -11.553329 -5.370409 -3.208039 -9.025438 -10.560350 -11.099968 -11.647456 -5.455466 -2.543131 -18.231727 -13.997162 -10.333923 -15.461538 -18.012280 -8.185494 -8.595411 -3.705946 -9.728761 -11.128274 -15.690410 -10.143911 -7.595045 -17.066580 -17.501913 -13.171346 -10.669172 -2.038890 -17.374888 -9.052541 -12.585590 -11.178392 
-9.959687 -3.973506 -10.744730 -10.646600 -9.140865 -10.897543 -7.281964 -13.718883 -13.637678 -10.478206 -15.449244 -9.228245 -7.836688 -15.347790 -2.682727 -8.441380 -8.285757 -3.380397 -12.598039 -11.915670 -15.378614 -12.699334 -4.281938 -6.421634 -8.951179 -15.393706 -20.349095 -6.018030 -11.615184 -7.781411 -15.853497 
-13.515086 -10.710709 -16.824204 -2.133733 -8.557145 -10.694598 -12.203687 -10.156504 -4.064072 -10.054908 -11.788043 -3.694224 -8.590934 -5.672622 -18.652857 -8.735562 -7.875183 -16.635371 -16.314970 -10.907945 -7.239334 -2.310683 -10.355070 -17.065523 -6.470047 -15.705329 -9.134647 -10.937192 -13.681992 -6.853662 -2.687956 -4.368075 -10.215315 -11.673277 -11.694761 -10.940166 -12.236115 -4.302542 -1.844519 -2.670746 -7.591323 -3.742177 -2.439150 -17.585608 -12.792156 
-6.851232 -7.269506 -11.120987 -10.745929 -15.250304 -8.490323 -12.561175 -8.919344 -8.559527 -3.304856 -13.270259 -18.314125 -11.642116 -4.609274 -2.914867 -8.584074 -3.096141 -17.081724 -9.705389 -8.397650 -4.508222 -11.524326 -5.101108 -5.633495 -7.450741 -3.647746 -8.808980 -17.150493 -11.766506 -18.688020 -7.630954 -10.372241 -18.650493 -13.302455 -11.233567 -13.462411 
-3.755670 -3.229363 -17.501702 -11.264790 -5.800010 -1.752914 -12.433705 -9.098844 -8.528690 -12.754213 -15.482166 -11.222637 -11.229824 -4.340170 -12.820220 -7.787810 -8.533746 -18.919850 -6.456728 -4.463790 -6.058484 -8.723299 -10.480854 -6.258617 -3.553735 -3.272667 -9.002240 -8.725307 -4.747441 -8.018060 -7.736368 -12.300976 -16.797634 -3.230295 -16.037359 -19.043116 -12.665340 
-17.752899 -7.441143 -1.841604 -10.890033 -17.544059 -12.623334 -12.056523 -9.253099 -8.879924 -11.993783 -1.818730 -7.348632 -8.655335 -3.665745 -11.009746 -7.945972 -8.433298 -12.069623 -2.874049 -6.408362 
-18.305470 -11.368602 -4.539307 -10.288227 -10.993655 -17.031959 -13.427488 -9.189008 -8.560712 -12.600585 -12.200644 -6.911116 -8.577709 -4.440301 -1.810876 -7.797318 -8.223478 -15.108161 -6.175200 -19.458007 -3.387765 -5.361864 -9.249106 -16.250424 -14.640356 -13.015310 -19.907737 -20.418472 -1.954763 -3.329121 -6.343327 -2.880162 
-13.035206 -1.718581 -16.557990 -10.170190 -5.675421 -3.713942 -16.460653 -8.990246 -3.924868 -7.822569 -15.236866 -15.826847 -8.760466 -3.890347 -10.983391 -2.649733 -7.820303 -14.917775 -8.647843 -14.913298 -11.043056 -15.551587 -16.965532 -2.306968 -5.433913 -17.289589 -9.370494 -7.652393 -15.527767 -8.122167 -8.021709 -5.713773 -11.671685 -13.963153 -6.594588 -9.042626 -16.272653 -14.190574 -10.425233 -5.923424 
-12.956415 -11.159615 -17.296993 -9.890480 -4.211266 -18.956057 -2.606924 -9.301279 -15.960830 -8.209433 -1.785002 -16.299007 -9.644209 -4.096006 -3.157187 -11.740236 -11.254076 -8.138143 -7.725231 -4.515051 -9.597227 -9.064152 -10.542670 -18.113766 -6.101608 -11.687581 
-11.497240 -7.535781 -2.517724 -10.912063 -14.206692 -9.250602 -5.390456 -9.287503 -4.466707 -8.595440 -2.609395 -5.890491 -11.945784 -12.571057 -8.058154 -12.184403 -9.840143 -17.595925 -6.738275 -1.781017 -5.014681 -6.251879 -16.370994 -13.528015 -16.008063 -11.042404 -13.316690 -17.721945 -4.039523 
-12.368104 -7.721687 -17.496259 -10.326491 -17.564541 -9.915953 -4.809561 -8.981594 -4.711816 -10.360370 -2.157431 -2.091075 -14.905523 -16.538908 -8.574851 -10.103920 -13.420463 -15.503025 -12.586693 -14.589407 -8.840228 -12.928868 -9.739751 
-19.635537 -16.235411 -17.630439 -10.950206 -17.932211 -8.766801 -17.009762 -9.271364 -16.249102 -8.032666 -14.099665 -8.738363 -18.421549 -9.520347 -9.388605 -7.124250 -18.071117 -7.437149 -5.408105 -13.033765 -15.550549 -5.065293 -7.414089 -3.119109 -15.530115 -8.023008 -18.493317 -10.269162 -8.025052 -18.565788 -13.909238 -9.630299 
-6.352771 -10.568728 -11.886472 -5.840886 -5.672469 -8.636915 -8.075022 -4.846865 -13.675888 -18.803232 -15.083673 -7.666513 -6.290548 -9.460561 -7.087905 -5.397337 -14.886195 -8.121095 -17.630681 -12.685427 -9.972039 -4.419098 -11.520629 -5.820448 -15.210641 -17.469154 -13.404958 -15.369298 -16.730247 -2.688518 -8.200139 -7.664886 -5.503814 -16.555987 -2.481198 -12.282539 -7.307246 
-4.509125 -10.472305 -4.668112 -14.727323 -13.105583 -7.900802 -12.517933 -17.659045 -20.251054 -6.965792 -8.452497 -9.867669 -5.963239 -8.487205 -6.171176 -7.777491 -16.379024 -7.950804 -2.526480 -13.540573 -5.942369 -9.533502 -9.156561 -15.096655 -11.782461 -3.369762 -10.213999 -10.139611 -2.962670 -15.658171 -15.953081 -6.657753 -6.905009 -5.853535 -14.584714 -16.933865 -12.217487 -14.965609 -3.953575 -14.945789 
-4.431940 -10.793918 -18.387788 -14.615837 -16.032150 -12.919449 -8.662869 -16.369606 -11.551718 -20.187969 -9.053770 -11.327606 -5.649603 -9.425112 -16.228212 -7.613945 -12.349020 -7.234193 -12.598991 -7.993400 -18.257025 -3.241046 -4.265113 -4.480506 -17.845440 -14.489966 -14.187615 -3.776655 -13.214253 -4.924498 -14.084357 -11.074145 -16.858080 -11.109397 -4.818465 
-4.278811 -10.970919 -18.782400 -10.729247 -17.004243 -17.044316 -2.786156 -14.298946 -18.588519 -14.459002 -5.679492 -9.882240 -8.602325 -9.737855 -10.645762 -8.104440 -17.017767 -18.747982 -13.445363 -7.653300 -16.764201 -13.731003 -16.139648 -14.771591 -2.509772 -10.911299 -1.667712 -17.222355 -10.073050 -13.627866 -6.500121 -9.316906 -11.431231 -3.516952 -12.444044 
-7.958133 -14.915753 -4.909320 -10.826709 -4.866767 -9.954331 -12.488492 -11.609918 -4.440074 -17.201836 -18.753479 -7.087125 -9.809448 -8.962753 -8.820878 -2.604768 -7.066789 -3.425107 -11.173273 -11.731897 -6.491635 -15.035086 -15.608002 -11.085699 -13.747590 -12.368553 -4.143336 -8.517340 -18.341666 -14.662951 -2.098215 
-7.270139 -5.759255 -8.834272 -10.427952 -12.702071 -9.945558 -3.331487 -13.314503 -5.091571 -13.331303 -17.055482 -8.211736 -17.447301 -8.633753 -8.873012 -3.816224 -16.238855 -15.139053 -10.862361 -8.695188 -3.128063 -10.643681 -20.386173 -10.068251 -4.664840 -5.202288 -2.621296 -8.218960 -13.127114 -19.083451 -15.138465 -15.380786 -4.318665 -6.187792 -11.340204 -12.370051 -15.191216 -13.921660 -4.166888 -8.825853 -8.236735 -7.010220 -4.022351 -6.740111 
-7.495214 -6.432138 -9.395835 -10.462526 -1.914770 -7.299474 -12.527907 -2.559726 -10.824488 -7.204869 -15.696559 -5.810293 -10.199500 -7.989452 -18.685226 -14.975491 -3.501206 -4.739288 -2.608518 -7.801418 -12.396753 -9.122797 -9.883628 -7.651182 -10.843199 -12.142927 -3.366822 -16.456597 -12.042112 -11.541737 -12.486709 -7.414638 -7.864844 -14.048193 -7.213262 -17.201181 -4.772624 -2.142720 -5.368763 -12.703604 -16.700261 -2.103263 
-6.707358 -18.064810 -6.455363 -18.485824 -8.642250 -9.906739 -17.075057 -1.945941 -14.731683 -10.307384 -5.400278 -6.153006 -11.081109 -9.542111 -10.909137 -6.895823 -7.034650 -16.460537 -8.785525 -7.954501 -17.788767 -12.570000 -9.786623 -12.637223 -11.787080 -6.699829 -12.466281 -11.078411 -5.434446 -17.473782 -15.413503 -7.310384 -15.184215 
-6.707021 -9.940334 -7.321279 -17.840175 -15.382290 -15.504708 -5.196858 -17.937728 -3.667223 -10.384979 -3.211249 -12.727481 -11.177946 -9.468203 -13.290610 -2.527943 -11.074895 -13.689494 -16.152112 -8.082164 -9.103966 -5.751144 -5.787312 -15.757158 -10.610523 -5.096071 -12.654877 -6.674191 -16.742077 -6.195049 -11.873997 -3.599835 -14.551844 -15.308323 -5.501110 -9.067639 -3.806234 -10.913123 -2.491171 -9.567553 -3.349153 -17.969208 -5.609724 
-2.845362 -6.560524 -7.481204 -15.692935 -10.156577 -12.872763 -5.686909 -12.364400 -4.252886 -10.821431 -10.934647 -12.616902 -11.435744 -9.156734 -15.188027 -20.406180 -7.044651 -12.585340 -13.432320 -8.179901 -5.122118 -18.656686 -12.353236 -5.628783 -6.578604 -7.015607 -2.552312 -7.197376 -8.120741 -18.207536 -19.423321 -17.186438 -16.929393 -13.993105 -6.872051 -9.762351 -4.975171 -19.116807 -15.829399 -9.771663 -8.760036 -16.410925 -13.162674 -14.801036 -5.967070 
-15.531746 -15.680201 -7.733518 -5.085531 -2.617900 -1.772173 -5.208116 -18.174192 -6.951298 -10.625164 -20.307212 -17.848348 -11.407464 -8.770717 -9.120025 -19.734237 -18.406473 -13.002325 -2.392217 -7.818907 -13.153421 -5.919285 -15.790580 -15.197987 -13.514093 -7.069001 -2.919720 -7.437124 -10.834197 -18.734566 -6.179666 -15.778612 -5.393124 -11.599544 -11.286600 -9.816112 -10.347672 -2.583025 -17.311934 
-10.929528 -11.617232 -14.370533 -18.208668 -5.860710 -19.105813 -5.346842 -4.100265 -3.670377 -10.792957 -11.355790 -8.224886 -11.801893 -11.654770 -19.731764 -18.403550 -3.355868 -15.261449 -15.798714 -7.801791 -15.795498 -12.369032 -3.629293 -10.360470 -11.097906 -6.884671 -3.826177 -7.534611 -10.561065 -17.949849 -9.653800 -10.405063 -2.266329 -17.765184 -2.037545 -2.935634 -9.319235 -15.701880 -19.504689 -15.064127 -14.491760 -12.669820 
-8.205120 -12.290902 -8.344645 -13.562476 -10.063503 -8.613785 -5.819949 -11.002939 -14.644694 -10.568726 -9.717882 -8.195124 -7.302486 -15.879515 -13.080107 -2.824059 -8.241108 -19.717808 -13.238150 -14.121342 -8.361184 -18.958103 -9.896876 -12.143663 -17.778979 -6.444172 -10.976251 -7.460161 -3.603821 -8.638483 -20.210381 -3.333542 -3.315839 -16.969461 -2.420223 -7.249858 -11.961670 -5.766034 -17.096348 -12.312490 
-8.031926 -12.661849 -7.464476 -13.810576 -1.715053 -9.090465 -5.771520 -16.167189 -18.227952 -8.067490 -13.733184 -8.195124 -11.226714 -15.455974 -8.735170 -9.786716 -3.620310 -1.712883 -12.030327 -14.679229 -8.232565 -5.877638 -6.941467 -10.722695 -5.783260 -12.146856 -9.897178 -16.248146 -14.280296 -4.799414 -7.077648 -5.326550 -10.293877 -17.937656 -9.650327 -9.934022 -6.469521 -14.435958 -15.064927 -18.592993 
-8.390063 -17.686896 -7.478634 -9.871552 -2.048184 -7.606939 -5.449662 -14.401313 -7.501437 -8.179762 -15.025295 -14.895733 -12.840454 -15.312188 -8.200475 -3.100017 -9.426988 -9.491801 -12.304128 -3.556436 -8.370621 -1.803577 -6.960869 -11.023656 -11.356879 -13.779836 -3.764477 -16.818330 -3.833681 -16.341170 -7.211158 -6.904147 -4.193371 -5.043001 -3.614205 -15.092747 -16.601053 -1.918468 -5.900432 -2.688023 -13.099929 -3.748695 -12.679116 
-8.506163 -15.336010 -7.296311 -12.695672 -11.052953 -5.840831 -11.796114 -10.157175 -18.878829 -10.139697 -13.486002 -2.569772 -3.625067 -2.175033 -8.471111 -7.817688 -12.715127 -8.848219 -11.046042 -5.371619 -8.660308 -18.598092 -7.040832 -3.975381 -6.048746 -3.123731 -1.881030 -16.457400 -18.506463 -6.328458 -6.949093 -12.134966 -5.571114 -18.529577 -6.295447 -15.245634 -14.353805 -19.124313 -19.260196 -20.045552 -13.280678 -11.827819 
-8.070397 -15.723569 -7.373687 -4.729414 -3.403484 -17.565854 -11.247506 -2.152393 -2.007006 -10.044020 -16.545012 -13.912232 -4.743038 -9.664748 -8.278004 -2.158372 -2.801115 -8.882053 -11.313355 -4.515126 -8.729352 -9.460268 -7.040832 -3.916280 -8.902100 -12.660131 -7.000353 -17.264783 -1.807438 -8.932842 -6.949093 -12.202375 -15.580190 -18.567047 -13.669578 -9.597754 -12.585779 -3.710755 -2.911363 -17.149318 -3.820421 -17.613352 -14.066208 
-8.062519 -15.178717 -7.363389 -17.231916 -12.677988 -6.792834 -11.579645 -8.729950 -16.103330 -10.649152 -11.454951 -4.339722 -16.956522 -10.116308 -8.296140 -12.378558 -10.322943 -10.063733 -9.230453 -9.193872 -8.570047 -9.880724 -15.511686 -15.180974 -12.383868 -7.946695 -6.964591 -8.391020 -3.461358 -9.046106 -7.051255 -12.911090 -16.974365 -16.410854 -10.209781 -5.970429 -4.122094 -5.191044 -16.448745 -4.186281 -6.506538 -14.719183 -13.134095 -8.858598 -5.244648 -3.141726 -2.917135 -14.106054 -3.383343 -19.586641 -20.469137 -16.039434 -6.719148 -7.897131 -6.568040 -9.371453 
-4.810166 -12.888242 -7.282520 -6.138848 -11.298147 -6.029753 -11.605912 -15.569508 -4.905947 -9.901912 -13.432815 -15.464254 -9.993957 -10.336334 -8.296140 -8.819268 -9.908035 -19.904574 -16.616278 -19.764813 -8.521506 -19.792694 -19.070815 -6.809859 -8.632112 -19.869674 -6.773023 -11.908574 -19.801072 -9.246136 -6.857768 -5.110392 -5.005127 -16.333111 -14.123040 -19.819093 -17.302531 -3.773296 -18.669884 -2.444945 -12.258460 -16.054790 -2.605149 -1.971484 -5.698829 -13.794782 
-10.167538 -16.466293 -7.282520 -3.122958 -3.046658 -5.525018 -3.678253 -10.350077 -4.189104 -4.301203 -11.428382 -15.198143 -3.309786 -6.983573 -8.358970 -7.354526 -4.902144 -6.859560 -16.287375 -3.145299 -8.521506 -6.610515 -17.013668 -16.751112 -9.400535 -2.955772 -7.345105 -12.740037 -3.335331 -9.569989 -7.291048 -4.121398 -7.697189 -2.856072 -14.460500 -14.438425 -11.557850 -10.212950 -3.597225 -2.542276 -3.293761 
-11.023530 -18.869821 -15.749431 -11.802838 -6.120153 -1.689582 -15.906149 -7.595819 -9.184859 -16.979428 -9.154678 -1.926929 -11.772480 -2.178298 -8.096592 -9.159375 -4.996173 -15.695807 -18.813315 -4.214688 -8.566637 -6.026359 -7.027641 -18.909486 -5.256699 -2.037287 -12.923986 -14.068658 -15.426188 -2.004285 -2.457378 -19.319508 -1.900056 -12.174852 -19.334007 
-11.090072 -2.267314 -5.046551 -1.982819 -12.027428 -18.084536 -3.520792 -6.824753 -9.112976 -7.401217 -9.106261 -9.133752 -12.215865 -2.495353 -18.755692 -10.065847 -20.593373 -11.729580 -15.703046 -6.784714 -8.574878 -5.979555 -6.888147 -5.150985 -8.235445 -5.180649 -1.938732 -12.633856 -3.462814 -2.817538 -16.215650 -11.817115 -13.423973 -3.408539 -16.151583 -2.905748 -2.221342 -14.331303 -13.356932 -2.341792 -4.976287 
-10.754183 -4.427207 -4.947717 -12.051842 -7.521347 -16.861076 -9.895849 -7.364347 -8.929175 -8.597948 -9.006305 -7.927256 -15.288191 -10.680634 -14.031935 -7.898983 -9.149010 -12.817073 -5.335246 -15.116541 -8.679964 -6.254390 -7.080804 -12.049268 -4.252469 -15.679108 -18.893949 -2.191492 -2.753414 -17.422928 -15.125603 -15.682307 -16.404258 -14.991975 -15.107071 -2.399899 
-10.849528 -18.787585 -7.249615 -12.107795 -5.483706 -6.069570 -14.346642 -6.843859 -8.635897 -4.557405 -9.061384 -7.939421 -2.736408 -13.712607 -17.678958 -6.950524 -9.103047 -14.326420 -12.756329 -13.345342 -8.679964 -6.008635 -2.399516 -12.277843 -16.688529 -16.837368 -13.843821 -14.269798 -5.137990 -12.686019 -5.635100 -6.256020 -2.026385 -2.858858 
-10.524966 -12.717776 -14.208049 -20.615185 -5.517139 -7.874025 -3.234998 -9.376077 -8.418488 -14.366625 -9.087051 -8.213515 -8.953789 -19.392895 -15.963949 -7.126933 -20.631043 -15.107409 -19.450754 -3.425098 -8.273436 -6.184258 -16.895561 -9.965634 -14.558703 -7.720518 -6.198973 -17.015826 -7.363376 -16.421588 -12.241418 -7.507020 -10.959332 -9.542376 -11.782389 -9.027460 -11.674374 -15.262721 -3.350947 -5.666886 -14.609792 -6.357115 -2.046649 -9.285737 -6.720619 -15.611874 -20.568131 -4.846903 -19.598621 -17.064417 
-11.046114 -11.072051 -13.226150 -20.127391 -5.761860 -2.486059 -12.109615 -16.190329 -7.465360 -7.221272 -9.281245 -8.151808 -9.502622 -8.961309 -11.572117 -7.099165 -2.550164 -17.452969 -2.147556 -3.452903 -8.273436 -6.158631 -6.287482 -8.889191 -16.943682 -8.611579 -10.252189 -2.990717 -6.665842 -12.253995 -16.905426 -16.276110 -10.539683 -6.881468 -12.304222 -5.478008 -8.965043 -9.379206 -4.366884 -4.767578 -4.534985 -16.994059 -11.473252 -10.087192 -7.890158 -11.111243 -5.197136 -15.688315 -11.637431 -9.275410 -3.982634 -5.938949 -10.581032 -13.834440 -16.306859 
-10.637279 -14.133407 -10.549187 -9.445561 -5.694547 -4.839969 -18.522770 -18.321310 -1.849622 -14.233367 -7.968465 -8.151808 -12.477636 -8.932317 -17.916777 -7.099165 -2.525803 -16.540646 -5.122370 -14.011436 -8.358496 -6.835600 -9.417530 -17.174904 -15.137993 -8.305935 -19.440058 -5.524724 -9.861098 -2.727817 -14.973100 -10.364036 -15.967707 -14.390329 -15.978755 -8.840689 -15.754679 
-10.275861 -6.239630 -19.623145 -9.107547 -6.017635 -3.313325 -14.944655 -5.499732 -13.358734 -2.620617 -9.131965 -8.063182 -11.529385 -8.536327 -11.097213 -7.099165 -4.924664 -5.605181 -7.297756 -17.012069 -8.400665 -6.395419 -2.806765 -18.731723 -13.171425 -8.648708 -4.868579 -2.745019 -6.572363 -15.687074 -15.878448 -12.152080 -14.623070 -9.751557 -4.541171 -6.126113 -10.059819 -7.975331 -3.505347 
-10.969706 -8.025682 -2.749577 -4.202895 -5.620138 -15.375233 -11.855589 -9.367568 -17.533254 -12.023961 -14.854882 -8.229845 -11.648832 -9.402005 -2.772008 -6.944215 -15.630873 -15.464046 -4.592757 -12.053772 -8.638878 -6.207773 -6.398161 -4.025971 -17.589533 -8.974681 -18.585993 -2.690254 -15.193050 -4.176543 -14.438214 -20.048213 -2.728035 -4.225112 -3.307759 -7.141116 -12.438938 -12.656460 
-11.173143 -20.206955 -19.773835 -7.022949 -5.476699 -11.014375 -6.324870 -9.367568 -11.677334 -14.580485 -13.264651 -8.388847 -10.839177 -9.488955 -14.279729 -6.825155 -10.167296 -7.680213 -4.659119 -9.760579 -8.739718 -6.207773 -18.184226 -12.769311 -16.243358 -9.162023 -16.574986 -18.394181 -2.341608 -6.491093 -12.458213 -4.008690 -2.354269 -10.514755 -14.975540 
-10.645140 -13.103002 -8.931785 -6.109385 -5.219083 -17.760144 -19.610623 -9.375188 -10.938059 -15.599963 -20.175446 -8.271888 -10.786375 -9.309632 -5.427586 -6.558301 -15.518352 -7.433884 -19.834310 -14.324825 -8.687658 -7.294325 -16.802731 -13.602674 -6.163008 -9.199912 -14.653494 -14.261470 -6.765454 -15.601571 -14.508248 -7.534999 -15.414120 
-10.803155 -6.242677 -14.547910 -13.892295 -4.939717 -5.130624 -8.832017 -9.375188 -7.889890 -4.682111 -4.380598 -8.247111 -11.726272 -6.738723 -17.388199 -6.550713 -10.935591 -2.684212 -10.539787 -12.652462 -8.568156 -6.702622 -16.049912 -14.672687 -6.609286 -9.199912 -13.924916 -11.282010 -11.676928 -3.808687 -9.089715 -19.999616 -13.412220 -12.785880 -5.528127 -16.082850 
-10.705499 -19.970429 -11.246543 -11.561628 -5.042904 -12.700607 -1.879776 -9.507726 -3.600908 -8.185831 -3.917718 -8.200662 -5.321927 -6.538349 -18.780890 -6.692697 -14.121358 -2.230650 -15.709540 -13.340259 -8.568156 -6.752088 -4.716547 -5.260163 -17.959286 -9.005464 -12.017370 -5.885806 -11.755931 -8.818961 -9.218912 -9.688358 
-11.470900 -13.512654 -11.187838 -12.277985 -9.098302 -13.361179 -4.162734 -15.343278 -3.704001 -7.079538 -12.745724 -8.200662 -18.204826 -12.125618 -3.496500 -6.872884 -6.699519 -8.944289 -8.612774 -12.398954 -8.355703 -7.497244 -6.725941 -3.313044 -12.716998 -8.407731 -13.570978 -8.300816 -13.102087 -16.535143 -12.839749 -8.753470 -15.409057 -12.190151 -17.424623 -7.333884 -17.911039 -9.376769 -15.603114 -5.194659 -10.308110 -8.260699 
-11.313347 -13.539865 -17.317865 -16.521003 -10.198936 -6.986301 -4.956705 -15.617057 -6.237349 -7.271010 -12.194472 -8.049719 -16.402398 -5.574546 -17.257111 -8.254342 -7.489759 -8.956770 -12.157735 -11.211781 -8.603281 -10.420259 -6.315567 -13.334484 -6.806263 -7.621031 -8.809442 -8.498917 -11.901238 -9.761115 -12.514817 -7.119134 -8.618309 -7.759592 -16.666518 -18.153613 -16.101283 -11.242590 
-11.186517 -6.625038 -17.649509 -14.729746 -9.838220 -6.618900 -13.489195 -7.620326 -2.022721 -7.079917 -12.575669 -7.543640 -3.047002 -5.534166 -14.631207 -8.440101 -7.128038 -8.629857 -14.690006 -16.216676 -8.013568 -8.302695 -8.139085 -20.065566 -6.110383 -8.545265 -3.996907 -3.350314 -13.396285 -4.683597 -14.788711 -11.666743 -8.509939 -17.813617 -4.683176 -3.441994 -19.174684 -14.250255 -18.191772 -14.396463 -4.156543 -11.451605 
