-1.6587 41.5503
-1.75754 32.124
-20.6328 32.124
-20.6533 34.9146
-20.5094 34.7827
-20.3446 34.7168
-20.0766 34.7827
-19.8701 34.8047
-19.8287 35.0244
-19.6426 35.2222
-19.4562 35.4199
-19.2282 35.6616
-18.9375 35.9253
-18.9375 36.189
-18.7919 36.3867
-18.4796 36.5625
-18.1876 36.8701
-17.916 37.0459
-17.7487 37.2437
-17.5393 37.5952
-17.3297 38.0127
-17.1618 38.4741
-17.0463 38.7927
-17.0148 39.0234
-16.9412 39.1333
-16.7835 39.342
-16.5941 39.5837
-16.4361 39.7705
-16.2569 39.9573
-15.8768 40.21
-15.6759 40.3638
-15.4537 40.5725
-15.2418 40.6604
-14.8598 40.7153
-14.743 40.8362
-14.5623 40.8472
-14.2857 40.7263
-14.1472 40.6714
-14.03 40.6384
-13.8701 40.6274
-13.71 40.5835
-13.4965 40.5505
-13.3148 40.5835
-13.0688 40.5835
-12.8118 40.5835
-12.6725 40.6055
-12.4473 40.5396
-12.1467 40.5286
-11.9641 40.5286
-11.6522 40.4736
-11.4585 40.4626
-11.34 40.3748
-11.2107 40.5176
-11.049 40.5835
-10.9735 40.5945
-10.8333 40.5835
-10.7362 40.5835
-10.5958 40.5615
-10.4338 40.4846
-10.3041 40.4077
-10.2717 40.2979
-10.1527 40.0781
-10.0121 39.8804
-9.92557 39.8145
-9.8498 39.8145
-9.69823 39.7485
-9.54658 39.7046
-9.28646 39.6606
-9.06955 39.5947
-8.93934 39.5728
-8.87422 39.5178
-8.79823 39.4299
-8.61361 39.353
-8.50497 39.3201
-8.40717 39.3091
-8.29847 39.3091
-8.24411 39.342
-8.12449 39.375
-8.04835 39.4409
-7.99396 39.4409
-7.91779 39.4409
-7.86338 39.4519
-7.79808 39.4409
-7.78719 39.375
-7.7001 39.3091
-7.59122 39.2981
-7.43873 39.3201
-7.2208 39.408
-7.1772 39.5068
-7.10089 39.5508
-6.97005 39.5508
-6.85008 39.408
-6.81735 39.2981
-6.66461 39.2212
-6.56639 39.1003
-6.44632 38.9905
-6.41357 38.8586
-6.29346 38.8586
-6.11871 38.8586
-6.00946 38.8037
-5.7909 38.8806
-5.59412 38.9575
-5.32071 39.0564
-5.12377 39.1003
-4.91583 39.1882
-4.74068 39.1882
-4.67498 39.2651
-4.70783 39.375
-4.51071 39.4958
-4.25877 39.6057
-3.99578 39.7485
-3.68886 39.8474
-3.43666 39.9683
-3.31602 40.0891
-3.05275 40.199
-2.87721 40.199
-2.71261 40.2319
-2.58091 40.3748
-2.58091 40.5945
-2.43823 40.7703
-2.30651 40.9351
-2.13086 41.0999
-1.98813 41.1108
-1.98813 41.2756
-1.6587 41.5503
