 -7.021897  39.193725   1.000000
 -5.681099  37.308472   1.000000
-10.150426  39.193725   5.000000
 -9.926960  39.665039   4.000000
 -9.703494  39.193725  10.000000
-18.642149  34.480591   2.000000
 -8.362695  39.193725   2.000000
 -8.139229  38.722412   2.000000
 -7.915763  39.193725   2.000000
 -8.362695  36.365845   2.000000
 -6.351498  38.722412   1.000000
 -5.457632  38.722412   3.000000
 -5.010700  38.722412   7.000000
 -6.798431  37.779785   4.000000
 -7.245363  37.779785   1.000000
-16.407485  36.365845   1.000000
 -8.586162  35.894531   1.000000
 -4.340301  39.193725   2.000000
-12.608556  39.665039   8.000000
