-20.206413  32.124023
-19.759480  32.124023
-19.312548  32.124023
-18.865615  32.124023
-18.418682  32.124023
-17.971749  32.124023
-17.524817  32.124023
-17.077884  32.124023
-16.630951  32.124023
-16.184018  32.124023
-15.737086  32.124023
-15.290153  32.124023
-14.843220  32.124023
-14.396287  32.124023
-13.949355  32.124023
-13.502422  32.124023
-13.055489  32.124023
-12.608556  32.124023
-12.161624  32.124023
-11.714691  32.124023
-11.267758  32.124023
-10.820825  32.124023
-10.373893  32.124023
 -9.926960  32.124023
 -9.480027  32.124023
 -9.033094  32.124023
 -8.586162  32.124023
 -8.139229  32.124023
 -7.692296  32.124023
 -7.245363  32.124023
 -6.798431  32.124023
 -6.351498  32.124023
 -5.904565  32.124023
 -5.457632  32.124023
 -5.010700  32.124023
 -4.563767  32.124023
 -4.116834  32.124023
 -3.669901  32.124023
 -3.222969  32.124023
 -2.776036  32.124023
 -2.329103  32.124023
 -1.882170  32.124023
-20.429880  32.595337
-19.982947  32.595337
-19.536014  32.595337
-19.089081  32.595337
-18.642149  32.595337
-18.195216  32.595337
-17.748283  32.595337
-17.301350  32.595337
-16.854418  32.595337
-16.407485  32.595337
-15.960552  32.595337
-15.513619  32.595337
-15.066687  32.595337
-14.619754  32.595337
-14.172821  32.595337
-13.725888  32.595337
-13.278956  32.595337
-12.832023  32.595337
-12.385090  32.595337
-11.938157  32.595337
-11.491225  32.595337
-11.044292  32.595337
-10.597359  32.595337
-10.150426  32.595337
 -9.703494  32.595337
 -9.256561  32.595337
 -8.809628  32.595337
 -8.362695  32.595337
 -7.915763  32.595337
 -7.468830  32.595337
 -7.021897  32.595337
 -6.574964  32.595337
 -6.128032  32.595337
 -5.681099  32.595337
 -5.234166  32.595337
 -4.787233  32.595337
 -4.340301  32.595337
 -3.893368  32.595337
 -3.446435  32.595337
 -2.999502  32.595337
 -2.552570  32.595337
 -2.105637  32.595337
-20.206413  33.066650
-19.759480  33.066650
-19.312548  33.066650
-18.865615  33.066650
-18.418682  33.066650
-17.971749  33.066650
-17.524817  33.066650
-17.077884  33.066650
-16.630951  33.066650
-16.184018  33.066650
-15.737086  33.066650
-15.290153  33.066650
-14.843220  33.066650
-14.396287  33.066650
-13.949355  33.066650
-13.502422  33.066650
-13.055489  33.066650
-12.608556  33.066650
-12.161624  33.066650
-11.714691  33.066650
-11.267758  33.066650
-10.820825  33.066650
-10.373893  33.066650
 -9.926960  33.066650
 -9.480027  33.066650
 -9.033094  33.066650
 -8.586162  33.066650
 -8.139229  33.066650
 -7.692296  33.066650
 -7.245363  33.066650
 -6.798431  33.066650
 -6.351498  33.066650
 -5.904565  33.066650
 -5.457632  33.066650
 -5.010700  33.066650
 -4.563767  33.066650
 -4.116834  33.066650
 -3.669901  33.066650
 -3.222969  33.066650
 -2.776036  33.066650
 -2.329103  33.066650
 -1.882170  33.066650
-20.429880  33.537964
-19.982947  33.537964
-19.536014  33.537964
-19.089081  33.537964
-18.642149  33.537964
-18.195216  33.537964
-17.748283  33.537964
-17.301350  33.537964
-16.854418  33.537964
-16.407485  33.537964
-15.960552  33.537964
-15.513619  33.537964
-15.066687  33.537964
-14.619754  33.537964
-14.172821  33.537964
-13.725888  33.537964
-13.278956  33.537964
-12.832023  33.537964
-12.385090  33.537964
-11.938157  33.537964
-11.491225  33.537964
-11.044292  33.537964
-10.597359  33.537964
-10.150426  33.537964
 -9.703494  33.537964
 -9.256561  33.537964
 -8.809628  33.537964
 -8.362695  33.537964
 -7.915763  33.537964
 -7.468830  33.537964
 -7.021897  33.537964
 -6.574964  33.537964
 -6.128032  33.537964
 -5.681099  33.537964
 -5.234166  33.537964
 -4.787233  33.537964
 -4.340301  33.537964
 -3.893368  33.537964
 -3.446435  33.537964
 -2.999502  33.537964
 -2.552570  33.537964
 -2.105637  33.537964
-20.206413  34.009277
-19.759480  34.009277
-19.312548  34.009277
-18.865615  34.009277
-18.418682  34.009277
-17.971749  34.009277
-17.524817  34.009277
-17.077884  34.009277
-16.630951  34.009277
-16.184018  34.009277
-15.737086  34.009277
-15.290153  34.009277
-14.843220  34.009277
-14.396287  34.009277
-13.949355  34.009277
-13.502422  34.009277
-13.055489  34.009277
-12.608556  34.009277
-12.161624  34.009277
-11.714691  34.009277
-11.267758  34.009277
-10.820825  34.009277
-10.373893  34.009277
 -9.926960  34.009277
 -9.480027  34.009277
 -9.033094  34.009277
 -8.586162  34.009277
 -8.139229  34.009277
 -7.692296  34.009277
 -7.245363  34.009277
 -6.798431  34.009277
 -6.351498  34.009277
 -5.904565  34.009277
 -5.457632  34.009277
 -5.010700  34.009277
 -4.563767  34.009277
 -4.116834  34.009277
 -3.669901  34.009277
 -3.222969  34.009277
 -2.776036  34.009277
 -2.329103  34.009277
 -1.882170  34.009277
-20.429880  34.480591
-19.982947  34.480591
-19.536014  34.480591
-19.089081  34.480591
-18.642149  34.480591
-18.195216  34.480591
-17.748283  34.480591
-17.301350  34.480591
-16.854418  34.480591
-16.407485  34.480591
-15.960552  34.480591
-15.513619  34.480591
-15.066687  34.480591
-14.619754  34.480591
-14.172821  34.480591
-13.725888  34.480591
-13.278956  34.480591
-12.832023  34.480591
-12.385090  34.480591
-11.938157  34.480591
-11.491225  34.480591
-11.044292  34.480591
-10.597359  34.480591
-10.150426  34.480591
 -9.703494  34.480591
 -9.256561  34.480591
 -8.809628  34.480591
 -8.362695  34.480591
 -7.915763  34.480591
 -7.468830  34.480591
 -7.021897  34.480591
 -6.574964  34.480591
 -6.128032  34.480591
 -5.681099  34.480591
 -5.234166  34.480591
 -4.787233  34.480591
 -4.340301  34.480591
 -3.893368  34.480591
 -3.446435  34.480591
 -2.999502  34.480591
 -2.552570  34.480591
 -2.105637  34.480591
-19.759480  34.951904
-19.312548  34.951904
-18.865615  34.951904
-18.418682  34.951904
-17.971749  34.951904
-17.524817  34.951904
-17.077884  34.951904
-16.630951  34.951904
-16.184018  34.951904
-15.737086  34.951904
-15.290153  34.951904
-14.843220  34.951904
-14.396287  34.951904
-13.949355  34.951904
-13.502422  34.951904
-13.055489  34.951904
-12.608556  34.951904
-12.161624  34.951904
-11.714691  34.951904
-11.267758  34.951904
-10.820825  34.951904
-10.373893  34.951904
 -9.926960  34.951904
 -9.480027  34.951904
 -9.033094  34.951904
 -8.586162  34.951904
 -8.139229  34.951904
 -7.692296  34.951904
 -7.245363  34.951904
 -6.798431  34.951904
 -6.351498  34.951904
 -5.904565  34.951904
 -5.457632  34.951904
 -5.010700  34.951904
 -4.563767  34.951904
 -4.116834  34.951904
 -3.669901  34.951904
 -3.222969  34.951904
 -2.776036  34.951904
 -2.329103  34.951904
 -1.882170  34.951904
-19.089081  35.423217
-18.642149  35.423217
-18.195216  35.423217
-17.748283  35.423217
-17.301350  35.423217
-16.854418  35.423217
-16.407485  35.423217
-15.960552  35.423217
-15.513619  35.423217
-15.066687  35.423217
-14.619754  35.423217
-14.172821  35.423217
-13.725888  35.423217
-13.278956  35.423217
-12.832023  35.423217
-12.385090  35.423217
-11.938157  35.423217
-11.491225  35.423217
-11.044292  35.423217
-10.597359  35.423217
-10.150426  35.423217
 -9.703494  35.423217
 -9.256561  35.423217
 -8.809628  35.423217
 -8.362695  35.423217
 -7.915763  35.423217
 -7.468830  35.423217
 -7.021897  35.423217
 -6.574964  35.423217
 -6.128032  35.423217
 -5.681099  35.423217
 -5.234166  35.423217
 -4.787233  35.423217
 -4.340301  35.423217
 -3.893368  35.423217
 -3.446435  35.423217
 -2.999502  35.423217
 -2.552570  35.423217
 -2.105637  35.423217
-18.865615  35.894531
-18.418682  35.894531
-17.971749  35.894531
-17.524817  35.894531
-17.077884  35.894531
-16.630951  35.894531
-16.184018  35.894531
-15.737086  35.894531
-15.290153  35.894531
-14.843220  35.894531
-14.396287  35.894531
-13.949355  35.894531
-13.502422  35.894531
-13.055489  35.894531
-12.608556  35.894531
-12.161624  35.894531
-11.714691  35.894531
-11.267758  35.894531
-10.820825  35.894531
-10.373893  35.894531
 -9.926960  35.894531
 -9.480027  35.894531
 -9.033094  35.894531
 -8.586162  35.894531
 -8.139229  35.894531
 -7.692296  35.894531
 -7.245363  35.894531
 -6.798431  35.894531
 -6.351498  35.894531
 -5.904565  35.894531
 -5.457632  35.894531
 -5.010700  35.894531
 -4.563767  35.894531
 -4.116834  35.894531
 -3.669901  35.894531
 -3.222969  35.894531
 -2.776036  35.894531
 -2.329103  35.894531
 -1.882170  35.894531
-18.642149  36.365845
-18.195216  36.365845
-17.748283  36.365845
-17.301350  36.365845
-16.854418  36.365845
-16.407485  36.365845
-15.960552  36.365845
-15.513619  36.365845
-15.066687  36.365845
-14.619754  36.365845
-14.172821  36.365845
-13.725888  36.365845
-13.278956  36.365845
-12.832023  36.365845
-12.385090  36.365845
-11.938157  36.365845
-11.491225  36.365845
-11.044292  36.365845
-10.597359  36.365845
-10.150426  36.365845
 -9.703494  36.365845
 -9.256561  36.365845
 -8.809628  36.365845
 -8.362695  36.365845
 -7.915763  36.365845
 -7.468830  36.365845
 -7.021897  36.365845
 -6.574964  36.365845
 -6.128032  36.365845
 -5.681099  36.365845
 -5.234166  36.365845
 -4.787233  36.365845
 -4.340301  36.365845
 -3.893368  36.365845
 -3.446435  36.365845
 -2.999502  36.365845
 -2.552570  36.365845
 -2.105637  36.365845
-17.971749  36.837158
-17.524817  36.837158
-17.077884  36.837158
-16.630951  36.837158
-16.184018  36.837158
-15.737086  36.837158
-15.290153  36.837158
-14.843220  36.837158
-14.396287  36.837158
-13.949355  36.837158
-13.502422  36.837158
-13.055489  36.837158
-12.608556  36.837158
-12.161624  36.837158
-11.714691  36.837158
-11.267758  36.837158
-10.820825  36.837158
-10.373893  36.837158
 -9.926960  36.837158
 -9.480027  36.837158
 -9.033094  36.837158
 -8.586162  36.837158
 -8.139229  36.837158
 -7.692296  36.837158
 -7.245363  36.837158
 -6.798431  36.837158
 -6.351498  36.837158
 -5.904565  36.837158
 -5.457632  36.837158
 -5.010700  36.837158
 -4.563767  36.837158
 -4.116834  36.837158
 -3.669901  36.837158
 -3.222969  36.837158
 -2.776036  36.837158
 -2.329103  36.837158
 -1.882170  36.837158
-17.301350  37.308472
-16.854418  37.308472
-16.407485  37.308472
-15.960552  37.308472
-15.513619  37.308472
-15.066687  37.308472
-14.619754  37.308472
-14.172821  37.308472
-13.725888  37.308472
-13.278956  37.308472
-12.832023  37.308472
-12.385090  37.308472
-11.938157  37.308472
-11.491225  37.308472
-11.044292  37.308472
-10.597359  37.308472
-10.150426  37.308472
 -9.703494  37.308472
 -9.256561  37.308472
 -8.809628  37.308472
 -8.362695  37.308472
 -7.915763  37.308472
 -7.468830  37.308472
 -7.021897  37.308472
 -6.574964  37.308472
 -6.128032  37.308472
 -5.681099  37.308472
 -5.234166  37.308472
 -4.787233  37.308472
 -4.340301  37.308472
 -3.893368  37.308472
 -3.446435  37.308472
 -2.999502  37.308472
 -2.552570  37.308472
 -2.105637  37.308472
-17.077884  37.779785
-16.630951  37.779785
-16.184018  37.779785
-15.737086  37.779785
-15.290153  37.779785
-14.843220  37.779785
-14.396287  37.779785
-13.949355  37.779785
-13.502422  37.779785
-13.055489  37.779785
-12.608556  37.779785
-12.161624  37.779785
-11.714691  37.779785
-11.267758  37.779785
-10.820825  37.779785
-10.373893  37.779785
 -9.926960  37.779785
 -9.480027  37.779785
 -9.033094  37.779785
 -8.586162  37.779785
 -8.139229  37.779785
 -7.692296  37.779785
 -7.245363  37.779785
 -6.798431  37.779785
 -6.351498  37.779785
 -5.904565  37.779785
 -5.457632  37.779785
 -5.010700  37.779785
 -4.563767  37.779785
 -4.116834  37.779785
 -3.669901  37.779785
 -3.222969  37.779785
 -2.776036  37.779785
 -2.329103  37.779785
 -1.882170  37.779785
-16.854418  38.251099
-16.407485  38.251099
-15.960552  38.251099
-15.513619  38.251099
-15.066687  38.251099
-14.619754  38.251099
-14.172821  38.251099
-13.725888  38.251099
-13.278956  38.251099
-12.832023  38.251099
-12.385090  38.251099
-11.938157  38.251099
-11.491225  38.251099
-11.044292  38.251099
-10.597359  38.251099
-10.150426  38.251099
 -9.703494  38.251099
 -9.256561  38.251099
 -8.809628  38.251099
 -8.362695  38.251099
 -7.915763  38.251099
 -7.468830  38.251099
 -7.021897  38.251099
 -6.574964  38.251099
 -6.128032  38.251099
 -5.681099  38.251099
 -5.234166  38.251099
 -4.787233  38.251099
 -4.340301  38.251099
 -3.893368  38.251099
 -3.446435  38.251099
 -2.999502  38.251099
 -2.552570  38.251099
 -2.105637  38.251099
-16.630951  38.722412
-16.184018  38.722412
-15.737086  38.722412
-15.290153  38.722412
-14.843220  38.722412
-14.396287  38.722412
-13.949355  38.722412
-13.502422  38.722412
-13.055489  38.722412
-12.608556  38.722412
-12.161624  38.722412
-11.714691  38.722412
-11.267758  38.722412
-10.820825  38.722412
-10.373893  38.722412
 -9.926960  38.722412
 -9.480027  38.722412
 -9.033094  38.722412
 -8.586162  38.722412
 -8.139229  38.722412
 -7.692296  38.722412
 -7.245363  38.722412
 -6.798431  38.722412
 -6.351498  38.722412
 -5.904565  38.722412
 -5.457632  38.722412
 -5.010700  38.722412
 -4.563767  38.722412
 -4.116834  38.722412
 -3.669901  38.722412
 -3.222969  38.722412
 -2.776036  38.722412
 -2.329103  38.722412
 -1.882170  38.722412
-16.854418  39.193725
-16.407485  39.193725
-15.960552  39.193725
-15.513619  39.193725
-15.066687  39.193725
-14.619754  39.193725
-14.172821  39.193725
-13.725888  39.193725
-13.278956  39.193725
-12.832023  39.193725
-12.385090  39.193725
-11.938157  39.193725
-11.491225  39.193725
-11.044292  39.193725
-10.597359  39.193725
-10.150426  39.193725
 -9.703494  39.193725
 -9.256561  39.193725
 -8.809628  39.193725
 -8.362695  39.193725
 -7.915763  39.193725
 -7.468830  39.193725
 -7.021897  39.193725
 -4.340301  39.193725
 -3.893368  39.193725
 -3.446435  39.193725
 -2.999502  39.193725
 -2.552570  39.193725
 -2.105637  39.193725
-16.184018  39.665039
-15.737086  39.665039
-15.290153  39.665039
-14.843220  39.665039
-14.396287  39.665039
-13.949355  39.665039
-13.502422  39.665039
-13.055489  39.665039
-12.608556  39.665039
-12.161624  39.665039
-11.714691  39.665039
-11.267758  39.665039
-10.820825  39.665039
-10.373893  39.665039
 -9.926960  39.665039
 -9.480027  39.665039
 -4.116834  39.665039
 -3.669901  39.665039
 -3.222969  39.665039
 -2.776036  39.665039
 -2.329103  39.665039
 -1.882170  39.665039
-15.960552  40.136353
-15.513619  40.136353
-15.066687  40.136353
-14.619754  40.136353
-14.172821  40.136353
-13.725888  40.136353
-13.278956  40.136353
-12.832023  40.136353
-12.385090  40.136353
-11.938157  40.136353
-11.491225  40.136353
-11.044292  40.136353
-10.597359  40.136353
 -2.999502  40.136353
 -2.552570  40.136353
 -2.105637  40.136353
-15.290153  40.607666
-14.843220  40.607666
-14.396287  40.607666
-13.949355  40.607666
 -2.329103  40.607666
 -1.882170  40.607666
 -2.105637  41.078980
