-18.051443  33.837060
 -1.932444  39.024019
 -6.390923  32.910911
-14.151354  32.274659
-12.544674  38.711403
 -9.298751  36.613039
 -7.340272  38.241143
-10.962847  38.930087
-19.674075  33.979645
 -9.836734  37.848862
 -8.984906  35.877083
-14.134096  32.769975
 -4.094090  39.292565
 -8.467372  36.490703
 -1.829269  34.719948
-18.725733  35.207645
-11.620459  36.702879
 -6.115659  35.683362
-16.827255  38.551681
 -9.978712  34.302953
-11.535994  38.412433
-13.300524  35.800647
-19.321238  34.061785
 -1.777307  39.465720
-16.707895  37.253706
 -9.473258  36.702478
