  75.177774 5413.959951
  41.759633 5416.759592
  84.929676 5428.919519
  87.705301 5421.237228
  75.564560 5425.742703
  61.425169 5419.498498
  78.950385 5422.662222
  86.134843 5423.348187
  64.230962 5419.450577
  64.123711 5424.419459
  64.189735 5421.704602
  89.933741 5425.176212
 101.286762 5417.241075
  98.331043 5417.814624
  46.978909 5424.550164
  68.882683 5418.148129
  63.844352 5420.067357
  47.807873 5419.336274
  70.068650 5414.846755
  56.624237 5419.087455
  82.460194 5418.487057
  53.449063 5423.330388
  62.924484 5408.396874
  86.603266 5415.927497
  72.881509 5414.356230
  94.759362 5420.579993
  67.077795 5416.000149
  77.876135 5416.656504
  80.219193 5424.616661
  86.677925 5422.406793
 119.957146 5418.865015
  78.179887 5426.112216
  74.935278 5419.537100
  87.719995 5416.900182
  59.629945 5422.491848
  84.248018 5420.516904
  66.711589 5419.600454
  66.934410 5411.534126
  65.639140 5422.793599
  65.627083 5421.155327
  66.367793 5416.413693
  90.416451 5430.100938
  73.439815 5416.732053
  78.632175 5424.957836
  88.241618 5421.991272
  70.472838 5428.222451
  56.240276 5427.976528
  56.980050 5432.873768
  66.787254 5418.242630
  46.543228 5427.345014
  52.542561 5421.514132
  92.587052 5422.150695
  85.842532 5427.540210
  80.821488 5427.014407
  75.263257 5425.154970
  95.447191 5412.712366
  62.814545 5421.252511
  59.951076 5415.932875
  72.655860 5406.154023
  48.259623 5423.859974
  73.830430 5421.719364
  54.363851 5417.039071
  70.902883 5429.415552
  64.376532 5432.500388
  59.458152 5428.180940
  42.594171 5433.606158
  42.795901 5429.864167
  49.882372 5428.508238
  76.177335 5432.265222
  74.627336 5430.005815
  85.670154 5428.247737
  52.646787 5434.510305
  76.561226 5436.768077
  75.239883 5429.724596
  56.762307 5428.537390
  78.207898 5424.816958
  70.100157 5437.641042
  80.087404 5440.155736
  65.467630 5436.380631
  78.651426 5436.388425
  63.222882 5425.920476
  80.553946 5425.960132
  63.000412 5426.376536
  89.993431 5426.366512
  70.285134 5424.119885
  64.562881 5421.501593
  68.232148 5423.419369
  62.040486 5426.522635
  65.773580 5424.794940
  72.449956 5424.681471
  81.356533 5430.742063
  96.299840 5417.051204
  79.086527 5421.410286
  46.884964 5420.339947
  64.254659 5418.631253
  43.976002 5423.298289
  40.417741 5415.048984
  76.440891 5417.003968
  67.957937 5415.855879
