35.141153 33.315113 38.691577 37.876781 38.744186 34.608063 39.278041 33.194114 37.353458 35.554206 39.634239 37.274944 33.861877 39.947083 37.628641 39.365297 40.967724 36.077364 38.006300 39.026590 40.393553 38.711200 38.672237 32.963186 34.369368 34.449904 37.769778 38.514949 36.360434 38.172700 
34.512218 33.731405 37.535701 37.893011 34.492897 32.127544 39.143740 35.491623 38.608706 39.849168 34.680227 37.821403 37.341655 33.269813 37.568686 39.194235 35.640736 33.784919 39.576453 40.451747 39.594675 39.407413 38.348819 32.993587 38.219125 32.577584 36.938409 35.042502 34.323138 32.201488 34.125363 39.533174 32.205647 34.497672 38.964786 40.406170 36.748522 34.811479 39.642444 38.474103 36.115826 36.330380 35.235323 36.959631 40.416509 37.650458 33.127028 37.087494 39.717658 34.409843 36.662407 35.372419 37.908780 36.511864 34.628958 33.135481 33.479328 38.572825 37.454564 32.702720 35.246317 32.766377 36.692664 38.978842 38.837375 39.620106 35.088227 34.674699 
35.591180 33.279506 34.258487 37.712577 34.074253 36.386355 38.804938 39.983546 40.177836 35.884160 35.031869 36.394123 35.521704 34.212247 33.538689 38.694385 37.536942 38.169189 32.287103 34.450792 35.154780 38.329933 38.291633 35.223174 35.038681 36.223444 37.352544 32.642546 
33.755017 38.233036 39.890907 37.391161 37.954353 38.095815 38.320660 37.562955 40.218834 38.222590 33.591231 37.528245 36.102988 35.385189 34.839313 38.743644 37.292414 39.042891 34.164402 39.541169 37.041156 40.685677 39.203299 38.618804 33.533751 
33.790272 38.159597 34.140734 39.630883 32.252771 38.734654 36.232088 38.065182 32.724934 38.359770 40.608764 36.622960 35.342213 37.617481 34.125927 38.271544 34.892503 38.781616 34.529209 37.749184 37.675741 37.690389 32.764802 38.444261 33.114485 34.614789 40.431589 34.264367 32.878462 32.634269 35.751025 33.030903 36.210747 38.946563 
33.868485 38.809681 36.806165 33.881497 37.357188 38.795537 34.134179 37.950800 34.727156 38.516821 34.138153 38.150711 34.156658 33.100662 35.265671 38.507940 37.379470 37.279407 39.120523 33.896817 33.231575 35.094263 34.036077 39.269452 37.679279 38.155434 35.380092 32.279301 32.331387 34.338476 38.124216 37.089277 
34.971619 38.843111 38.718455 34.649761 33.357198 38.721442 34.214223 37.143916 35.325466 34.481635 38.824691 40.566408 38.670828 35.614334 37.121850 38.611575 33.165954 38.891458 36.424723 34.238374 39.888678 38.482394 35.037131 37.084668 33.887742 33.215533 
36.269623 38.591939 38.929206 38.157560 33.217519 38.909129 40.344749 38.251328 35.150949 35.404658 38.775962 35.566122 34.034599 33.227003 38.876458 38.901477 33.454621 37.537516 41.295972 32.893298 33.180099 35.465611 34.079738 39.043290 33.866265 35.334148 
34.338335 35.763249 38.101434 33.782996 35.470042 39.207607 35.564005 37.914204 38.192612 38.508435 34.817593 35.259718 36.134308 39.171655 35.069968 38.554584 36.465508 40.238180 38.804047 38.903088 35.399774 35.615506 36.138071 37.042190 33.498545 36.593747 33.468394 37.674632 37.239363 32.904899 37.358138 36.951578 34.611604 37.020136 40.354852 36.536218 35.316544 32.999691 35.701558 
35.695374 32.637804 33.844351 32.927821 37.887895 38.505345 34.485944 34.680203 32.974164 34.161933 36.652334 32.403776 37.074658 38.000128 35.818699 39.549880 32.849457 35.379356 39.300256 39.193763 34.479089 37.418813 37.469807 37.283929 34.426460 40.259525 40.502942 34.853878 34.527313 32.879118 35.999790 34.843772 36.344360 35.184513 38.011821 37.175269 35.840391 37.688422 33.242526 39.690935 33.621640 33.363783 
36.294481 35.961198 33.129110 33.362107 33.364290 38.940030 32.321249 35.449948 33.826512 36.215421 35.691290 36.241494 37.593409 34.508858 35.777292 39.800686 35.502835 39.280820 39.309567 38.799181 33.147717 37.641765 35.252717 34.514187 36.428249 40.142209 32.949674 39.228614 39.355149 39.827376 39.773390 33.438470 37.867603 34.538756 33.400371 34.354688 37.581430 
33.489997 36.062195 36.577140 32.805375 34.797902 38.287166 37.188574 36.730477 36.815756 33.965874 36.058016 36.214337 36.030500 35.771329 33.216436 39.861894 33.205246 34.391014 38.397595 39.380805 32.649421 38.397600 34.633171 38.567130 32.808913 40.048480 40.268791 32.147938 37.915212 36.983182 35.217281 40.826140 37.643865 38.825038 
35.919802 35.908548 32.385760 33.708060 38.888530 38.956842 34.919762 36.456495 34.730559 35.579304 34.234754 39.388201 40.452801 33.624062 35.116816 39.605206 36.735912 35.316934 38.473699 35.864386 37.377511 39.025153 34.066584 33.966232 34.829171 34.731021 36.007194 
36.052295 36.164988 34.215936 35.965314 39.056396 39.256792 38.732237 36.198053 34.795173 39.029873 32.638493 35.036712 32.978438 35.509304 39.736627 39.596502 34.721701 38.210118 38.365997 35.357650 33.034646 34.718877 36.571746 35.091701 34.796002 34.553568 34.751697 34.666196 34.531075 34.289426 32.756785 36.680282 32.438286 33.044825 36.016429 38.768331 32.817374 39.416314 33.248239 33.439044 33.617862 32.822476 
39.045791 37.721853 38.239085 35.563738 38.702890 33.539452 36.731153 34.475182 32.891754 35.247894 40.490878 36.428359 34.958940 37.009472 38.819195 37.000152 36.917687 39.218530 33.188277 35.772647 35.229664 35.421124 39.660894 34.914552 34.685977 36.239425 33.907946 41.073162 33.635151 38.600726 40.426894 36.591341 38.173798 35.051572 33.988732 36.748850 32.140938 34.679571 36.200867 
37.588649 35.059411 38.092092 35.122687 39.221668 36.663270 36.935133 36.675296 38.715861 37.475556 35.019219 35.440239 36.520078 40.047529 33.387711 36.593743 34.596375 40.142518 34.980159 34.655862 37.108850 32.407389 34.163672 32.371427 34.164661 37.339212 33.423436 
32.203732 34.674376 39.488924 35.648577 38.633888 32.645030 34.151799 37.872146 36.106002 37.149734 39.746911 35.236364 36.248022 36.010299 33.681370 38.794516 33.442893 39.821794 34.709180 33.746015 36.690065 38.809769 34.308841 34.074265 36.281825 32.246337 36.831314 35.745290 37.272928 35.940571 33.694487 32.202552 33.258431 34.926881 38.841741 
34.460497 34.356487 38.924371 33.074747 40.283519 38.498698 36.588650 39.886015 36.699432 37.115807 39.656136 38.331774 33.349896 37.733950 35.097955 36.531835 37.716510 39.574970 33.571229 37.284853 39.753024 33.415869 36.630848 32.840473 38.883818 39.009075 36.260900 34.675717 33.042681 37.482467 33.791981 
36.319785 38.001343 39.187641 40.496819 34.971939 38.483502 39.795332 34.101448 36.336788 34.151317 36.125764 34.847345 35.103543 38.285176 33.310005 35.834763 38.767702 38.575851 33.826307 35.843575 34.417278 33.114855 36.828281 37.060035 32.277730 
38.065014 34.079554 38.492928 40.203324 35.306425 38.050343 38.163519 36.892308 34.214757 32.671364 36.698091 39.127908 34.663521 33.511151 35.214957 37.727458 37.663925 33.143258 32.223513 36.119485 32.892439 37.919187 38.341703 
38.266470 39.233396 33.819162 39.738402 34.101714 38.239920 38.050571 34.606804 38.516763 36.624026 37.096565 33.842045 37.979718 38.640322 34.823395 37.241079 34.982910 37.995806 34.448304 39.363750 33.724610 32.290997 37.547936 37.262102 37.232704 34.720356 33.388975 37.995826 34.108695 34.930251 34.487309 34.351663 34.547619 35.672875 33.579489 36.929070 
38.977664 35.483560 33.157812 39.733528 32.313792 36.745945 38.297599 33.159658 34.594149 37.394111 37.144020 34.326877 39.137509 37.910443 32.152232 36.977193 37.780920 38.437842 38.746364 35.050921 37.191598 33.555600 39.591506 34.078399 36.866194 32.945435 39.113432 34.153889 36.146601 33.782886 33.329772 32.329906 35.697099 32.288108 35.773563 35.779436 37.654511 32.279969 33.630502 36.296507 32.562994 
38.622284 36.096259 38.269217 39.382022 34.083421 36.704411 32.899533 35.174345 36.348175 36.883053 34.396856 36.691932 39.272172 38.663320 35.685399 33.289084 39.071346 38.239193 35.471162 33.609872 36.839211 34.910351 37.165223 35.274966 35.375163 37.907150 33.565358 38.045134 35.782270 32.766965 32.689870 35.322671 40.081339 
38.893991 36.781828 34.245166 39.124992 36.184648 34.211140 33.827203 36.311657 37.406893 37.018694 38.548598 37.187100 35.971129 38.165417 33.180665 37.816809 40.202321 38.293493 36.787137 38.389083 34.457534 33.359348 33.694403 34.812019 39.934845 33.144350 38.207286 32.896905 33.168344 38.014000 36.294097 32.791102 
38.545177 36.758830 33.625433 37.342126 37.492536 34.261721 35.314379 35.822790 40.250071 36.743434 38.489477 34.527134 34.614775 36.815691 39.073024 38.663945 39.238204 39.110950 32.892449 39.154977 36.218956 32.366132 37.064602 32.967162 34.957266 37.866063 34.580178 33.089048 32.702520 37.393357 37.534895 37.762460 34.035789 38.669847 38.722200 34.513621 36.482658 36.131786 
38.873731 36.567201 39.329810 33.809594 33.854981 37.058042 36.988555 35.686639 33.339391 36.759779 33.333937 38.271413 35.729807 35.796840 33.183560 37.959940 38.315415 38.928086 34.064486 39.342938 38.155224 34.077705 32.473154 36.918955 38.559479 36.297800 34.545461 37.168418 34.674799 36.722586 32.357915 34.212649 
32.589230 35.699785 35.702778 33.091244 38.525376 33.394634 36.152544 35.802308 36.062031 35.363050 35.683644 37.212297 32.574306 38.760856 33.613559 38.437905 33.197465 36.417420 39.120636 35.122922 34.568204 33.729470 36.008298 38.781789 40.453897 33.860687 38.321175 38.363572 39.014588 34.241959 33.914294 34.200817 33.300115 32.903424 39.325278 36.043945 35.445974 35.645964 
37.162692 37.237666 34.757162 40.149850 34.719705 39.830105 37.863247 35.220484 32.617227 39.049834 39.455278 38.902095 36.721439 39.116265 32.486764 39.377318 34.891648 37.594316 32.184213 38.350289 38.286816 32.784670 35.755005 36.232841 35.379886 33.221627 37.270769 36.746898 39.127387 37.610553 35.440745 32.220606 32.334136 32.974151 
37.278020 39.653015 38.726547 34.602294 40.165364 35.903032 37.197516 33.364628 35.330604 36.966008 34.804462 38.128575 34.673081 39.320589 34.339083 38.734398 39.180854 33.560133 33.552022 34.294879 39.119659 36.042868 34.177689 35.245591 36.160383 34.685758 33.867038 32.497739 
36.804086 39.925108 33.911728 38.157133 39.260173 35.264181 38.651716 38.979417 34.719494 38.606442 39.047095 34.367829 36.291878 39.376250 33.581821 34.033916 39.120637 37.129072 33.946423 33.460237 37.385477 36.352245 33.078663 35.882277 34.244918 33.480304 36.258009 36.749465 39.540918 
32.981989 39.419800 37.949913 37.163593 35.929003 33.504476 37.739615 39.122888 36.044487 34.732855 39.031986 35.919911 36.106530 39.544170 33.438014 38.625857 38.997812 39.850361 33.261288 32.321807 38.155684 39.040743 33.780284 33.601032 33.248331 38.162736 36.440265 34.083393 36.023787 35.400318 36.462581 34.156408 
40.385788 40.010629 34.955576 40.336387 32.565839 37.425156 33.488213 39.050987 37.899203 34.859981 37.898685 36.535472 36.613641 39.847971 35.794456 36.729464 33.591204 32.725538 34.583520 36.441666 33.301202 38.482775 37.015810 39.419168 36.453769 36.468485 32.923205 34.625306 34.831103 
39.052120 39.791046 35.668595 32.435517 39.849380 35.911971 34.308750 38.824962 33.586446 34.799924 32.321311 36.206784 36.318912 39.767237 32.826030 36.702541 40.101602 37.805731 33.515397 35.560700 37.257324 36.119401 36.812052 38.332953 36.494242 34.773497 38.613063 34.207273 
35.193861 38.891684 37.034865 34.373130 33.161392 35.782835 39.261282 38.939303 37.172782 36.365137 39.041659 35.838897 36.071843 39.859577 35.357873 36.384440 37.164654 37.409652 38.164425 37.146577 36.572067 34.389239 36.220069 34.694298 33.324203 32.288457 38.553887 34.687003 
32.585945 34.442459 36.370884 33.132803 38.547759 33.723634 32.682720 38.088194 37.281176 34.110921 38.532990 39.343708 33.022025 40.398973 36.223550 36.420230 40.117537 36.719805 33.314471 34.790221 36.571591 34.912193 38.689642 34.226611 32.155226 32.581607 39.572883 37.150247 40.231485 33.452112 32.933362 32.430592 37.574004 34.477493 39.208435 36.866135 32.298944 33.907980 35.036793 40.058886 33.074136 33.481293 33.272488 35.194124 
35.538980 33.636930 39.775709 36.387394 37.913190 33.795493 39.485320 35.944588 35.461305 40.409599 38.738223 38.420774 34.611078 40.370002 34.463960 36.716766 38.235502 37.081688 37.278250 33.175947 40.155175 35.083541 
37.633027 33.356516 37.930530 36.676160 38.872726 38.049943 34.400193 34.126093 34.872780 33.280065 39.417154 38.555137 32.831748 40.296040 38.572850 36.971041 38.897903 38.397241 34.011200 39.560904 36.613620 34.121462 34.800579 35.325466 36.263443 38.010086 36.179110 32.609917 34.092012 34.298082 
40.131637 35.832140 32.665386 36.591284 32.335433 35.268688 39.593122 36.692747 38.275148 34.603146 35.608763 37.978039 32.907942 40.385780 33.760110 33.801779 39.386969 38.711937 32.938616 39.730807 36.236897 39.654014 33.582960 37.294360 34.124134 38.178837 36.732590 38.281015 39.068913 38.307660 34.085552 33.383937 39.414824 35.872641 36.064824 33.631694 39.332103 35.064893 37.012531 34.918874 38.886823 33.221980 38.469759 37.459473 33.923972 
35.085433 35.496557 37.499894 36.308681 37.834072 33.988281 35.841792 32.886437 41.340851 32.504978 33.846786 38.391060 37.331128 39.930410 35.986690 38.616744 34.118316 38.734394 39.535110 39.415714 36.861947 38.875670 37.454391 36.046062 37.492593 33.290248 36.402345 34.830902 34.035508 32.526533 36.530055 35.829587 35.000627 35.060013 35.154195 32.506684 33.761519 38.533621 33.437071 
34.150575 38.815512 37.652135 39.358833 36.573377 40.391508 35.796899 35.516447 38.006890 32.568839 40.050016 37.492812 36.639131 40.199654 33.966044 36.853547 39.607030 37.111076 35.791459 35.443675 36.791092 39.612794 34.656457 37.457884 
36.098148 34.118141 39.761886 38.675519 35.525509 36.030678 32.943641 33.828489 40.279377 38.017783 38.839273 37.171579 36.269339 40.288977 36.934565 36.577919 33.415333 36.579398 34.898460 33.439719 37.169432 39.204708 32.261412 34.160961 33.801381 33.593904 33.388465 35.201725 39.354431 39.075730 33.815746 34.091728 33.471314 36.357169 36.759936 37.812649 32.776195 
35.592862 33.087420 39.932680 39.541496 38.467636 33.198886 33.845760 34.066939 37.473150 36.418537 34.505083 37.445716 36.347071 40.179608 36.867802 36.558977 35.849376 36.627528 36.354969 36.579273 38.802750 33.614203 34.921404 33.017751 34.065088 36.775946 35.255231 36.381470 32.915748 39.258413 33.829364 38.084855 38.699885 33.374029 34.665938 34.465840 35.605030 
39.989127 35.792409 39.882076 39.436240 36.980049 34.899201 34.072624 35.747060 35.147074 35.888527 33.678764 38.306799 33.932471 39.487523 33.018762 37.231170 33.086527 37.373106 33.694315 32.859493 38.321314 36.089579 35.901691 32.170387 37.209246 32.317735 38.935625 34.537510 
36.688057 37.090919 37.220915 36.113453 37.586793 36.611688 38.242260 32.349263 36.242817 39.255170 34.244331 38.469106 40.530073 39.484891 33.370272 36.210474 37.587595 37.608280 38.927554 36.299992 
39.663002 37.010895 37.037570 36.703853 38.094212 39.717707 39.128706 34.678277 35.852103 35.199948 32.694764 38.469106 36.549994 38.834864 33.721481 37.976066 34.076834 35.317781 37.216606 40.361103 40.556609 36.405491 33.298055 39.223644 37.255414 39.986205 
33.505040 37.031430 37.247171 35.233179 37.693689 32.497991 32.831617 37.845378 34.572189 39.229237 39.190430 38.447173 36.548714 34.842275 33.735731 34.407688 32.822030 39.566157 34.403717 40.588778 38.535826 36.876202 
38.344659 36.626535 37.073227 37.778936 37.645975 39.436074 33.743075 33.833254 36.940868 39.733920 38.718243 38.447173 36.918304 34.231390 35.983390 36.729476 34.177793 35.952263 35.264427 39.298313 33.542775 
37.566500 36.750632 36.985947 36.816494 37.047234 37.515992 32.325022 38.842326 33.953058 39.252906 40.412260 38.447173 36.924763 34.250397 32.646197 34.388431 37.670412 37.983970 32.882214 33.024125 33.641191 33.366097 35.043001 37.100735 34.508992 33.424000 36.895886 35.247905 32.933659 
36.483793 40.257758 37.139988 35.637630 37.470396 38.893696 32.422544 33.821592 34.230844 39.527124 32.322853 38.630733 36.909789 33.167380 34.577133 32.367207 37.624998 34.192051 37.465890 38.889393 34.898211 32.853811 35.223009 34.604124 40.181086 
40.117423 35.315063 37.069757 34.932905 37.125769 38.456123 39.504784 36.915286 32.483510 39.219818 39.092923 38.660131 36.822398 35.385360 34.571038 37.302731 36.079279 35.618756 34.658637 39.296599 40.419200 38.229734 35.095047 33.847052 35.348881 32.190896 32.288298 33.327661 
33.612913 36.554301 37.162041 37.997614 37.339135 39.126144 39.373751 39.400069 35.758227 39.219818 33.567690 38.528102 37.006683 38.715654 34.757172 34.295332 34.033148 34.106205 36.932909 39.960138 33.684063 34.304686 35.209189 33.201006 33.391735 34.982778 33.952109 38.962692 34.220213 
38.879326 38.978707 37.150882 34.142184 37.770213 39.161494 36.073741 39.704273 32.694252 39.480389 33.647952 38.765049 36.991726 35.321351 34.768959 33.259853 33.762388 36.477251 39.924808 35.929863 39.441992 36.609497 32.165713 34.079239 36.956739 34.079490 39.458534 40.546541 33.627783 33.786060 34.748248 32.430721 38.753353 
37.849605 32.990980 36.728530 37.304123 38.672318 38.712040 35.920997 40.088444 32.219110 39.480389 35.370544 38.765049 36.841698 35.728416 32.367402 36.020279 38.155304 37.116185 32.352519 32.352505 35.568024 35.033641 32.576248 38.690359 32.425144 33.886721 34.262770 32.876911 32.681387 32.186766 35.878949 
32.159291 34.428573 37.121823 37.689929 37.449703 38.649042 32.694214 40.042398 36.505234 39.315868 32.580849 38.471152 37.125589 33.305232 37.228213 37.365418 38.147243 33.466504 34.127294 38.597075 32.395209 33.162686 32.555937 38.302094 32.256570 32.866284 34.451836 33.402268 
32.150218 39.346260 36.798065 37.697007 36.983793 38.896042 34.717607 35.072210 33.766315 38.832528 35.012528 38.471152 37.187118 32.721376 33.983309 38.892872 37.825317 37.284973 36.763041 32.598134 33.142671 32.635472 32.219350 35.145199 32.601329 38.193064 36.152149 37.938303 34.887428 35.883470 35.427414 39.173901 36.835508 33.156215 35.317352 38.660729 33.004840 34.456132 32.265704 35.980700 32.518465 36.002348 35.064362 36.300147 35.485941 37.721798 34.045584 32.951081 33.976813 
36.085724 36.820592 36.906086 38.411863 37.159643 39.128064 34.149519 33.149503 38.217260 39.212678 33.274919 38.529320 37.181641 36.139034 36.877311 40.692364 36.729293 35.020318 36.744173 36.979380 34.687858 33.318924 38.115880 35.331824 39.097720 32.808288 34.023091 33.343952 32.800807 37.234067 32.275205 34.494380 34.032030 34.965416 40.317439 33.327781 32.638483 35.138863 33.247418 
36.123698 34.708739 36.566062 36.609631 37.510932 38.727382 39.469820 39.647153 34.717840 38.913943 38.688786 37.983267 32.284812 39.243081 32.148224 35.054881 39.309475 33.180402 37.836098 33.017076 38.406034 35.455509 36.468588 36.459391 39.659969 33.206005 32.758644 40.357666 37.037724 34.380646 33.710509 33.063263 37.338074 35.602128 38.506864 36.726323 37.185958 32.769799 33.443782 37.091424 35.565457 33.947853 
34.050874 32.271318 38.460073 37.128476 37.884530 39.004326 38.162504 39.159633 32.424060 38.924129 39.090352 38.247934 32.978830 32.252838 33.310386 36.508197 35.053243 38.407810 33.989064 37.910257 37.725826 36.201799 37.111457 39.075032 34.485396 34.381923 39.823261 37.437196 33.099279 38.865110 36.441857 34.894708 35.326026 32.710004 32.501114 33.263376 39.132415 37.327816 36.578241 32.637876 41.207465 37.630091 
35.975537 36.189982 32.719883 35.395394 34.350210 38.931785 38.898158 33.041914 34.541202 38.902908 33.087486 38.026733 36.655976 39.433812 38.127623 36.829295 38.331712 36.011060 34.224904 37.838455 37.893045 35.430448 32.384774 34.778164 37.360430 37.900881 37.230173 40.566401 35.785713 38.728447 38.024155 40.246226 32.269239 38.938530 33.437132 38.924013 38.418886 35.618918 36.564285 37.284657 34.152487 33.735100 
38.062552 34.643705 36.773786 37.379705 33.348929 38.708669 39.196409 33.253676 35.321491 39.007324 33.080454 38.066048 35.096432 37.532047 39.450770 38.629387 38.566036 34.180364 38.455536 38.032117 32.565209 33.212580 40.303632 33.833061 32.668699 35.298054 32.949357 
38.109152 38.063753 35.261536 39.183989 38.463211 38.844320 39.437862 32.286105 38.805663 32.352419 38.344697 38.697368 37.663385 32.596667 36.524724 34.519739 37.932865 40.246491 38.003185 37.733821 34.502430 34.845526 33.706668 36.388177 37.599535 35.705681 34.415099 38.239300 32.988112 33.359409 33.604390 39.625522 32.988253 34.014940 36.626107 35.460495 38.325117 
38.200845 37.963650 33.246589 38.940156 38.281263 35.998826 37.916174 34.040765 34.489570 36.754660 33.825529 38.480663 36.967879 36.073600 35.494570 37.556760 38.213875 40.473677 38.030540 39.505606 35.264815 37.767367 39.411295 37.712549 38.024735 39.801776 34.974324 32.595595 37.260479 39.926157 37.769865 32.413424 32.237975 35.333392 36.938840 34.172760 
38.359612 37.963650 35.797255 39.422870 38.922703 34.898341 32.830932 33.132238 38.063520 34.402983 34.149261 38.638265 33.017848 37.964502 33.229304 32.999821 37.993011 34.971904 34.803410 38.541005 36.316282 33.914674 
38.181556 37.901387 36.478599 39.794086 34.070437 33.681295 38.432864 39.943237 34.858988 39.028610 36.716466 38.282142 35.277968 37.964502 32.748622 38.797757 37.721015 40.249244 36.558158 34.599819 33.760810 33.933257 36.427858 36.483892 
38.510240 37.894313 39.052459 39.722033 37.565549 34.811616 38.849803 39.771429 33.338160 36.675440 36.377627 38.566004 34.646763 37.964502 32.536364 39.148312 37.882149 35.342352 32.843057 34.068634 36.803493 34.134854 32.679134 38.189739 36.887651 36.029472 34.064779 35.987352 36.538519 34.079339 33.092310 
38.164642 37.878915 38.597630 39.621127 35.486428 35.241308 38.899948 40.168795 34.067619 32.418971 38.062961 38.389958 36.520922 37.960349 38.408252 34.453044 37.826711 38.606883 33.269738 33.557635 34.392972 32.403908 32.356257 39.405964 32.333539 40.203151 34.418621 32.587762 32.452261 35.402476 37.637775 33.393221 39.664915 34.342905 
38.169968 37.878915 38.905548 39.846658 38.889399 36.785689 39.294400 40.289705 39.778341 34.800003 35.328808 38.403953 34.965346 38.000421 40.212538 39.544056 38.135811 32.162089 35.690052 32.554847 37.606680 38.594077 33.219694 33.581371 32.233724 33.887245 
38.169968 37.878915 38.782398 38.757785 39.472975 39.421338 39.248185 39.817687 35.053316 34.443084 36.276161 38.215445 37.460660 37.922258 34.090031 35.167718 38.062559 34.571972 33.008582 32.133342 33.166565 37.766568 35.393326 35.484689 37.895571 39.757761 34.802649 
38.169968 37.915919 38.812305 38.935810 38.545402 38.489015 40.425723 37.293827 33.207949 39.990324 35.324071 38.239016 36.633511 37.870885 40.217634 38.848939 38.216661 34.469795 35.725412 36.474519 37.118086 
38.201331 37.862496 38.489159 38.825401 38.641005 33.254041 36.082648 34.868361 35.857708 35.664300 40.167604 38.239016 40.476724 37.945539 38.188688 38.760620 37.964195 35.172050 35.276304 32.885751 32.703191 37.850708 36.693606 40.752226 33.823617 39.212136 35.785063 34.848572 
38.201331 37.847875 38.793198 38.934324 38.049505 36.129680 37.678893 37.718080 37.340638 37.258707 33.274658 38.239016 34.599906 37.945539 32.494758 38.374278 38.010505 35.486235 33.599692 33.382312 33.253081 34.964207 35.899587 40.032134 35.877232 
38.201331 37.875191 38.841113 38.812927 33.044624 32.365166 36.140697 33.362154 36.023137 33.503862 36.635695 38.239016 34.485242 37.902702 37.724968 39.193240 38.088825 35.329607 34.802865 38.302704 36.086592 36.548938 34.414450 40.568810 35.232819 38.832840 32.701187 37.696809 35.390749 33.879397 40.140383 36.248003 35.525174 32.450732 36.407391 38.198660 33.704206 34.348589 34.939038 
38.201331 37.883261 38.615390 38.914611 40.361981 32.998460 33.056551 33.721625 32.296896 36.800994 36.994323 38.239016 36.672831 38.021828 32.901940 40.076978 38.276701 34.364897 37.898129 33.072854 34.629780 35.127962 37.464019 37.080478 34.737465 34.984468 36.627541 36.882531 34.218552 39.260433 32.698082 39.573059 33.443759 32.628119 
38.136600 37.865355 33.704137 38.684236 33.648095 39.018865 37.918330 33.640619 32.398863 36.141499 32.402931 38.214442 36.854783 37.973439 34.781116 34.078940 37.839672 38.470804 37.066125 35.068999 37.706683 38.638846 32.532923 34.584916 
38.037707 37.981425 35.744546 38.888478 37.731123 38.858644 34.682785 33.816261 38.787938 33.161689 32.693351 38.560906 34.002750 37.973439 36.653907 36.605253 37.904923 39.292766 35.366938 38.408183 33.310491 38.117914 35.099345 32.752773 34.088837 35.551134 36.084476 32.158423 
38.037707 37.987461 40.143787 38.870352 35.226533 38.767475 36.211252 33.726941 33.185081 40.163718 36.348969 38.507775 34.684472 38.068402 33.726327 34.253398 37.902666 38.139855 36.807027 38.822554 35.101437 38.369326 38.180162 39.339806 34.195427 33.213535 32.758658 39.471220 34.128330 
38.037707 37.987461 37.852849 38.727469 34.935515 38.288611 36.813590 32.322466 35.457354 33.017048 36.726792 38.507775 38.753412 38.091289 35.125924 35.755228 37.871365 37.785475 36.593992 34.234563 34.019700 39.408575 32.999040 37.755151 39.368585 32.801046 37.587266 32.573650 36.313571 35.347638 32.993030 37.043057 36.537696 33.042942 36.719139 32.430117 33.257509 35.058793 38.818266 33.405358 
38.037707 37.996449 32.435979 39.022008 33.195142 39.119197 34.912331 37.008921 35.162310 33.822765 32.996538 38.562968 37.279348 38.019163 36.460313 38.454336 37.583806 37.088933 40.078260 33.577178 39.206644 36.205940 34.466104 39.774148 34.559725 33.192834 35.072208 37.305909 35.330053 33.373026 
38.015903 38.020013 34.235546 39.413437 38.753139 38.590499 39.371609 35.862047 34.659720 38.558166 35.703878 38.157953 38.765182 38.046667 33.586213 36.391185 37.580990 36.694235 37.306756 38.873455 32.818370 34.196543 38.448991 
37.951592 38.033060 38.475677 35.782842 35.296531 38.583693 35.967821 37.503991 33.199309 35.201831 32.806930 38.263813 39.024713 38.026200 34.156033 37.578691 37.909940 38.407154 36.691350 39.618929 34.179990 34.869445 34.173783 39.142568 36.776197 39.013414 35.573798 34.759679 39.385310 38.716554 36.921768 34.945104 37.130865 37.378006 34.086788 32.193623 39.326353 40.087712 
37.994249 37.999533 34.371767 36.130754 39.538909 38.969576 35.550229 35.469143 38.968459 39.318745 37.363241 38.439376 36.016102 38.026200 33.613948 37.569829 37.450815 32.155560 35.957390 39.791021 34.240162 39.105486 32.286292 36.988038 37.902397 32.715902 34.563152 36.057531 40.512665 37.934266 38.089262 35.651403 38.913322 34.095802 33.113683 
38.243164 32.817308 32.237711 35.814253 33.878903 39.030429 34.725031 38.069402 32.363516 33.805998 36.335150 38.558888 34.017587 38.135337 32.166822 37.341638 39.194727 39.274951 35.995163 39.423221 34.466916 36.130330 32.883322 36.706626 37.699972 33.878444 
34.227391 36.517353 35.189647 38.425948 38.830793 35.836132 37.000794 40.085967 35.324160 38.260300 37.789977 37.675915 37.003173 37.524669 39.942249 36.546766 39.441894 36.389000 35.478792 39.219559 33.713849 39.665121 33.630153 37.028181 33.947653 38.613595 38.152312 37.742911 33.907288 38.395384 36.632259 34.452199 32.215078 33.265871 32.811826 33.109395 35.832392 34.460959 35.998016 33.724554 33.973110 32.201146 39.206905 32.796177 36.616493 
33.623743 37.041849 34.015838 38.294066 38.826301 38.764753 33.722803 36.395719 33.303612 35.672236 38.314830 35.330512 33.068505 37.521287 32.611385 36.629041 37.403114 32.962903 35.700570 38.916748 37.104134 33.235670 35.474360 38.569295 38.191453 34.833254 32.343699 37.968915 36.869504 34.266834 
37.578608 38.133234 36.251019 33.188268 37.691988 37.674986 37.844413 35.035836 37.344524 40.453487 38.076250 34.006519 36.310096 32.326826 38.380802 34.771335 33.720841 40.420238 34.360995 38.924386 
34.025099 35.409016 32.590239 34.427353 37.032084 37.966501 37.565993 33.334194 37.668429 39.013328 38.117222 36.184246 38.532099 36.106785 38.336930 35.248758 35.433573 36.765930 33.675898 38.621083 36.526925 38.321791 35.032794 38.732751 33.448097 34.874978 34.548283 33.634560 33.536446 36.720958 33.132495 32.335832 33.154787 34.255410 40.136580 39.193453 37.951451 38.649901 32.878062 36.776392 35.912888 
34.983064 37.043941 35.122516 36.044496 37.171690 37.803878 36.106466 35.447233 35.659087 40.539503 38.117222 33.050508 35.033811 36.969750 38.343085 37.445346 34.408135 36.442177 37.951574 38.479756 33.153677 38.752223 33.671075 34.364997 33.890885 33.117496 32.244502 41.158888 36.804082 35.891186 39.962605 33.190701 
34.009501 38.889805 35.971874 33.087924 37.108812 37.780760 32.164917 39.591271 34.234929 37.104115 38.199343 35.547986 36.878302 33.505457 38.420923 35.349254 33.535712 34.919468 35.839516 38.471014 36.220542 34.098890 35.675820 40.401366 33.704568 34.234196 
37.472247 38.894300 32.947854 35.614505 37.145567 37.755472 36.497078 39.536984 32.189558 36.486887 38.197856 33.908378 35.840195 39.179648 38.342255 32.674921 34.679870 34.571384 32.267869 37.546628 35.380869 33.626606 32.481001 38.311562 35.992407 37.312618 33.951249 36.348225 35.393235 37.920513 37.210141 39.732785 32.252450 33.750527 
38.520927 38.847950 35.295311 36.170485 37.157622 37.761379 40.193633 34.571830 34.892818 36.385735 38.105769 38.443991 35.982185 33.427249 33.018213 33.492005 32.513208 32.277152 35.038627 36.824461 37.216977 40.319577 35.503725 38.357801 36.404082 35.855909 33.913737 33.182078 35.858834 33.173834 34.823808 32.610387 33.002969 37.833388 38.218795 38.545950 32.419973 33.084208 
38.431320 38.497508 37.350183 34.756972 36.726163 37.966155 40.031203 40.172340 37.092455 36.443799 38.288148 38.413582 34.716671 32.264423 33.635020 36.734595 32.882333 34.946198 38.090229 32.677764 37.036639 35.676838 34.734262 37.276960 38.234587 36.166476 34.340544 39.436245 33.249494 36.192033 
38.519550 38.715693 32.417601 36.390800 38.554310 38.123849 34.150691 32.403635 32.347146 35.183362 38.411856 38.327225 34.555437 33.686347 38.505978 38.606595 36.324513 33.342236 34.950250 37.589551 37.990921 33.184627 33.103303 32.554608 39.768733 33.006177 37.549886 32.835584 
39.730190 35.371407 38.463950 35.416437 37.975705 38.115419 40.352660 37.250765 35.207472 36.348998 40.013844 39.070765 37.144727 38.906928 34.805551 33.048377 38.912768 35.717044 38.043044 32.678993 39.868300 38.858722 39.481409 33.745884 36.889349 36.577996 37.383447 32.320836 32.222288 
39.027301 39.230105 36.973086 34.004663 38.566249 35.705536 40.097003 37.539464 32.296272 37.709139 34.543118 38.792091 39.232702 34.107027 35.499844 38.425101 33.380729 35.517542 36.663290 32.940298 34.709544 38.484741 37.117694 33.434716 32.234913 35.705912 38.980735 33.544251 38.227875 33.489854 34.251379 38.531528 33.694104 36.411683 34.095771 33.613938 36.061595 36.800339 40.380246 
34.543052 32.878631 36.147410 36.731874 38.952547 33.563356 35.649644 33.444080 32.306641 37.386719 37.949822 38.421270 37.303697 36.761731 34.854754 39.835363 39.119241 33.076064 39.301958 38.068028 36.143584 36.815380 38.600041 34.616013 33.136969 33.435927 40.392683 37.867969 33.097889 36.716437 
35.211881 33.280672 36.653006 35.650621 35.371474 35.913730 38.039491 32.908746 35.798351 32.490314 33.857958 34.060186 38.505512 35.673485 36.006467 39.703935 37.452897 36.141813 38.880672 37.700001 40.282828 37.807259 37.187997 35.625431 37.984247 35.581223 39.669454 38.101445 35.092668 38.039017 38.059584 33.328326 33.830234 36.815065 39.258397 34.477163 34.691747 34.479033 34.782098 37.813908 34.886135 38.058284 34.856673 36.699976 33.477913 35.580952 34.457786 
33.617135 40.179655 40.027103 35.845099 35.691561 35.821914 38.384806 36.646047 36.430391 33.897053 34.169117 37.564376 32.426691 32.823605 36.736894 39.568623 32.993745 36.769301 39.226317 36.834665 32.851628 39.165705 32.138901 36.693650 37.745960 39.278257 35.752478 36.509777 36.346418 38.665225 37.226652 32.136851 34.913602 32.540061 34.661018 38.950505 35.943590 33.241213 34.265774 35.973307 37.543782 37.086858 36.697544 40.410210 32.912345 40.037326 33.355161 34.044825 32.588588 
37.594151 34.335477 38.613797 34.597886 39.714248 33.878626 38.161492 39.102531 37.563840 38.399532 35.311803 33.563936 34.811179 35.389725 35.411547 40.144401 34.895428 36.105017 35.448649 32.254382 36.403621 33.310965 35.600855 33.252631 32.333386 32.192095 36.093017 32.243279 39.906028 
33.837060 39.024019 32.910911 32.274659 38.711403 36.613039 38.241143 38.930087 33.979645 37.848862 35.877083 32.769975 39.292565 36.490703 34.719948 35.207645 36.702879 35.683362 38.551681 34.302953 38.412433 35.800647 34.061785 39.465720 37.253706 36.702478 
