-6.941220 -9.092062 -8.481393 -3.867797 -10.060505 -10.609777 -8.232744 -18.233285 -11.090467 -7.055219 -8.179099 -5.593013 -11.985053 -5.366928 -5.613309 -15.003326 -15.251070 -3.674541 -13.617355 -7.015060 -12.792783 -18.154727 -18.361211 -13.554052 
-5.132671 -10.048630 -3.577768 -3.812299 -7.368508 -15.539541 -8.645098 -18.627621 -16.973500 -6.628040 -8.334592 -5.593013 -14.391922 -20.366396 -13.229118 -9.727362 -10.351159 -6.004304 -13.938398 
-11.765060 -7.111045 -7.147657 -16.370303 -4.777893 -3.190697 -2.495044 -3.843252 -8.341708 -8.211255 -15.082481 -5.593013 -4.223034 -16.558443 -14.344123 -9.731058 -14.814742 -6.466784 -14.636355 -7.987081 -11.510206 -12.807592 -14.867596 -19.725911 -16.962817 -11.948801 -13.731132 -3.395506 -3.201142 -5.377224 
-9.861289 -18.800966 -16.311702 -20.127919 -5.372585 -5.460886 -9.528269 -16.221916 -16.688033 -18.032438 -2.193189 -5.593013 -4.516167 -7.076948 -7.223660 -8.685985 -18.174788 -20.015225 -12.204202 -8.242678 -17.721107 -9.653803 -7.744784 -7.436249 -16.076117 -15.849276 -13.799849 -10.455334 -16.281434 
-5.168990 -15.688819 -9.105022 -8.724222 -5.372585 -15.960193 -4.632637 -14.050378 -2.841770 -14.560914 -14.940770 -5.593013 -4.850742 -6.058039 -13.808745 -11.565514 -6.677102 -9.956306 -12.184775 -10.833721 -15.691695 -7.680907 -14.336926 -9.529016 -13.457563 -5.360052 -2.416803 
-12.047640 -5.649309 -5.283886 -6.643238 -2.078720 -10.536805 -14.687398 -12.992428 -5.349939 -7.351704 -13.939194 -5.593013 -3.952615 -8.817024 -12.818627 -9.484185 -16.412639 -10.941747 -10.414996 -14.201564 
-13.297675 -6.622616 -5.985551 -6.841807 -12.591203 -17.827369 -12.958998 -11.369609 -5.349939 -5.099565 -8.898412 -5.593013 -3.612183 -2.237446 -18.402188 -5.382383 -14.451778 -2.988751 -17.966231 -13.453110 -9.421069 -12.634619 -13.310690 -11.103090 -10.776395 -10.881083 -15.777044 -16.484849 
-13.213110 -6.558401 -13.092732 -8.569459 -11.214657 -5.875558 -14.930429 -6.994643 -5.349939 -3.719160 -12.264036 -5.593013 -17.810318 -17.132247 -17.575286 -3.227796 -15.910457 -4.016626 -13.403077 -8.901399 -8.687931 -11.184138 -17.266225 -10.689892 -7.511611 -19.867199 -16.231846 -2.946476 -6.003643 -2.931268 
-15.607577 -8.062132 -13.573613 -8.519371 -8.548806 -8.373330 -14.783374 -3.174577 -4.923679 -3.817787 -15.563287 -5.566887 -13.623421 -12.472113 -12.954796 -3.859909 -19.738196 -8.528040 -5.494497 -7.654789 -3.052705 -12.947917 -13.698736 -14.929087 
-19.841269 -5.780794 -7.050488 -7.913774 -12.800450 -7.818402 -16.313837 -8.986287 -4.687717 -4.382778 -4.998609 -5.913272 -2.124667 -7.471305 -12.050743 -18.719318 -14.841940 -10.786629 -3.617635 -15.153114 -17.046297 -11.774679 
-9.451790 -7.738403 -7.774662 -13.817924 -2.093074 -9.159318 -9.096969 -10.617368 -15.203330 -3.892489 -3.164517 -5.992849 -17.355060 -16.343898 -15.839006 -6.159355 -12.929139 -12.930740 -16.737093 -5.202484 -6.276794 -2.698489 -1.791816 -11.855980 
-14.739716 -5.981247 -8.393948 -11.984940 -8.569341 -6.359367 -8.038701 -15.564918 -5.097155 -3.898446 -14.410004 -5.992849 -17.140219 -2.977667 -14.794059 -4.219389 -5.205661 -14.577848 -6.227655 -12.888487 -13.549152 -18.785973 -13.825084 -14.055855 -10.514778 -7.647273 -2.090850 -18.402042 -16.560403 -10.360867 -12.064518 
-19.810914 -7.876043 -7.874271 -14.595710 -10.025866 -4.171914 -8.670156 -5.247416 -13.449592 -5.145631 -19.155603 -7.865679 -6.628108 -5.741763 -11.017921 -4.864230 -19.088374 -5.405040 -6.288964 -15.200534 -7.737111 -9.523369 -16.481455 -4.639124 -11.117080 -17.132327 -15.097395 -19.035863 -13.811198 -14.020907 -17.345649 -17.659812 -17.808731 -14.496082 -2.314870 -20.638724 -17.161647 -14.556493 -8.507768 -7.111538 
-2.648295 -6.730041 -14.831163 -6.425218 -7.552893 -4.379453 -8.670156 -3.856361 -8.768068 -7.635276 -18.425567 -15.381156 -7.537228 -5.431676 -6.606639 -4.575952 -3.488249 -9.741965 -7.548991 -10.971241 -3.990068 -10.959444 -4.279605 -5.946598 -10.387380 -12.677490 -12.863695 -10.022848 -9.711064 -18.146399 -17.496669 -14.317159 -19.537238 -5.910647 -10.236133 -7.624658 -13.570547 
-15.983710 -14.788422 -3.757010 -14.954862 -8.684963 -9.528578 -7.926566 -3.146723 -9.759421 -6.352903 -7.333381 -19.984068 -2.960068 -6.087052 -11.755320 -5.278466 
-15.430683 -12.819491 -3.965968 -4.592680 -14.980895 -9.037128 -12.388067 -3.614712 -9.634358 -12.646038 -6.372590 -15.092257 -6.280193 -6.087052 -12.102062 -19.887801 -18.362452 -14.831972 -11.599371 -2.723884 -11.038824 -13.902709 -19.796579 -7.294958 
-16.796379 -3.501062 -3.592697 -3.602516 -1.746835 -8.284672 -8.361117 -3.776921 -8.402559 -15.662027 -7.025240 -3.298686 -17.012898 -5.781923 -5.551216 -3.187650 -15.746002 -11.021433 
-2.072974 -8.878931 -3.592697 -6.931144 -6.880933 -8.440573 -6.193079 -3.525748 -3.549468 -13.632403 -17.579326 -3.159824 -3.966666 
-9.617104 -5.629895 -2.193945 -6.820260 -6.160198 -6.877995 -8.892433 -3.199732 -1.865860 -11.021547 -14.551421 -14.575590 -15.582775 -17.939174 -4.701847 -11.537753 -14.629779 -12.480284 -4.984549 -17.301648 -20.286393 -12.322418 
-2.116483 -12.218393 -2.927515 -6.820260 -6.126373 -5.884828 -19.150267 -15.194330 -10.470368 -9.507011 -4.726281 -10.942185 -8.985066 -16.128867 -10.498922 -14.791829 
-14.592648 -19.890376 -14.427388 -6.820260 -6.126373 -10.292878 -1.779612 -4.713975 -14.904168 -3.589302 -6.466726 -3.349839 -10.466688 -11.368816 -2.389249 -18.472760 -18.626344 -12.244319 -2.741830 -10.361332 -4.457292 -11.183282 -13.811925 -15.107121 -5.332734 -15.663598 -10.846670 -14.286458 -13.581944 
-12.753721 -4.461800 -3.907375 -6.820260 -6.126373 -9.078910 -2.856664 -14.417046 -13.958680 -17.446316 -17.998016 -5.823292 -3.157333 -12.422248 -11.886724 -19.768664 -19.599857 -9.798535 
-2.008896 -6.208992 -13.458332 -6.837250 -6.538042 -9.874942 -2.097017 -10.684315 -12.353293 -9.135058 -14.238879 -12.364214 -13.738843 -12.435772 -13.948263 -10.980685 -18.835759 -2.398967 -3.086315 -5.640604 
-6.747070 -2.464498 -13.951739 -6.837250 -6.538042 -9.906147 -2.400359 -19.509412 -16.279578 -8.782398 -13.335246 -4.010302 -13.548096 -4.008707 -5.817517 -10.493109 -14.902066 -12.557594 -11.917092 -13.577900 -17.376956 -3.202151 -2.518142 -14.292863 -18.793823 -11.949192 -13.414444 -19.436593 -10.305117 
-2.782855 -10.306409 -2.465690 -6.837250 -6.538042 -18.782560 -3.067758 -12.099092 -15.246485 -9.506950 -7.691511 -14.724521 -7.839608 -9.200421 -7.018313 -9.829401 -13.032104 -17.563515 -9.925199 -2.672851 -14.914322 -4.386157 -11.691976 -3.216124 -3.725901 -12.304304 -18.528668 -15.783820 -10.203848 
-9.275117 -5.846940 -8.968875 -6.837250 -6.538042 -2.148393 -3.616029 -6.288015 -11.284004 -2.716499 -6.976388 -8.497924 -2.086287 -19.179764 -10.785323 -12.941013 -11.047844 -14.456166 -7.077101 -11.785936 -8.414723 -2.584040 -3.637307 -6.432597 -14.055100 -8.363320 -12.235941 -18.381387 -12.336662 -8.121704 -12.018139 -6.111388 
-8.325891 -13.111340 -8.702436 -6.837250 -6.538042 -13.124874 -14.973103 -5.760985 -4.523837 -10.395570 -2.426923 -14.817710 -19.003781 -9.306698 -6.999310 -8.345509 -1.783657 -2.263604 -11.797098 -3.249489 -2.169659 -13.136330 -17.199425 -1.844595 
-15.378904 -2.628866 -3.433488 -6.837250 -6.538042 -8.195585 -11.081160 -1.786349 -20.297014 -12.734067 -4.240385 -9.090693 -9.452502 -16.026369 -9.403698 -3.958515 -8.723966 -9.266546 -6.778764 -13.456895 -9.213757 -17.931536 -16.461794 -7.097724 -4.663610 -7.765604 
-15.093984 -3.197673 -14.784735 -6.837250 -6.538042 -17.597229 -4.237461 -2.565922 -7.220586 -13.695166 -13.540495 -9.029151 -19.577890 -13.412270 -12.849656 -13.395013 -8.527509 -17.976896 -5.859051 -12.848105 -10.106832 -4.981748 -20.415082 -18.523972 -1.838130 -2.594361 -16.607758 
-14.448798 -13.818350 -4.278996 -7.017234 -5.069805 -3.439846 -9.926671 -3.865514 -16.620920 -3.800391 -12.800175 -8.818500 -11.496575 -18.645250 -9.422749 -7.210682 -9.264774 -14.921119 -9.755220 -14.665280 -9.609885 -13.421249 -4.207625 -11.007361 -5.480155 -4.165030 -8.324602 -14.222437 -5.692827 
-8.043443 -9.851116 -13.010731 -7.022209 -5.327866 -16.188695 -9.435957 -20.478328 -13.360541 -2.228094 -19.981004 -5.458367 -13.922757 -20.153685 -7.368777 -7.210682 -8.686918 -15.774699 -11.929337 -20.284695 -13.082884 -4.763491 -17.317140 -15.605600 -12.508632 -16.536318 -19.390255 -11.204505 -10.887368 -2.405615 -9.510163 -16.204890 -14.903710 -9.283780 -13.211004 -12.502451 -11.336683 -6.397892 -12.324226 -9.651674 -10.767858 -17.866796 -5.962961 -5.091177 -14.012691 -11.466055 -10.867740 
-8.812024 -9.013643 -14.452548 -7.958536 -5.327866 -15.870635 -7.544927 -9.841797 -4.444882 -19.955180 -8.456792 -5.203873 -9.782822 -14.420285 -12.567043 -7.673396 -14.633267 -14.361673 -5.905814 -12.062299 -13.835592 -20.515700 -4.135342 -14.944140 -11.705045 -15.466120 -4.095655 -7.073180 -19.127066 -13.600853 
-7.876369 -14.716685 -11.087998 -7.154288 -6.294328 -19.083824 -4.785644 -7.862387 -14.939758 -16.724947 -13.715889 -10.955148 -7.369935 -14.649794 -2.634527 -15.659326 -15.521075 -13.277499 -9.420084 -15.118646 -11.074321 -15.702281 -9.558910 -2.952441 -16.470814 -7.210369 -6.648690 -9.466976 
-8.593071 -2.558319 -9.724306 -14.107095 -9.631991 -15.676002 -13.889120 -9.061418 -3.164560 -15.186346 -7.505189 -2.094572 -7.369935 -2.316652 -6.356193 -12.762620 -14.334856 -4.914426 -14.809896 -10.472405 -5.945453 -10.065690 -8.008332 -10.193773 -5.125035 -12.144215 -14.489986 -19.767054 -14.537463 -5.482223 
-8.320750 -17.019199 -6.030432 -15.568728 -12.608909 -7.917231 -16.628705 -17.947147 -11.082326 -1.965385 -7.790620 -13.949891 -7.761752 -2.439482 -3.291170 -1.840352 -7.760441 -17.458186 -2.818321 -20.328301 -9.730785 -2.007838 -13.731348 -15.437668 -18.841858 
-7.564065 -16.571796 -11.861116 -17.877297 -8.231964 -19.534678 -15.627872 -11.024329 -4.857458 -16.382587 -10.604114 -1.923615 -7.520301 -2.943496 -4.520558 -14.926210 -14.002061 -11.275381 -5.076493 -2.931568 -18.843535 -7.475582 -12.840433 -8.698402 -16.802345 -15.735311 
-8.706071 -17.165213 -13.648909 -4.934213 -5.895500 -8.945879 -9.147232 -11.888682 -6.634255 -5.125607 -3.915427 -11.765302 -7.520301 -1.944654 -11.147188 -8.605405 -3.374468 -9.220037 -14.480875 -10.227716 -16.423035 -8.732770 -6.772194 
-9.085522 -6.085203 -13.376049 -13.232296 -13.433074 -7.979572 -17.249213 -5.148219 -6.634255 -20.278231 -3.358537 -18.608611 -7.479772 -2.262677 -2.487304 -14.520054 -13.195934 -13.825682 -16.400277 -11.590694 -5.278532 -1.840470 -1.970657 -4.408248 -14.529400 -8.381553 
-9.003635 -15.468825 -10.284833 -13.380910 -16.810225 -8.364817 -15.566845 -11.120975 -6.634255 -17.884865 -9.753419 -7.393211 -7.479772 -2.101267 -5.637013 -1.908490 -11.453356 -13.074673 -17.652479 -9.462929 -16.106603 -4.095155 -3.749020 -20.083871 
-8.288573 -16.749479 -10.007300 -14.959618 -11.179829 -7.541146 -5.311482 -4.315658 -7.296978 -11.986097 -1.968276 -4.595743 -7.617082 -12.920022 -3.262570 -11.661711 -12.635122 -8.226308 -6.285996 -8.664621 
-9.016956 -18.191945 -13.732284 -14.478854 -11.253846 -10.130617 -5.221233 -13.462690 -7.803285 -11.073483 -2.643894 -9.742702 -7.587221 -8.699950 -12.346768 -11.346866 -3.582790 -5.026609 -3.579838 -6.219486 
-8.670583 -8.245958 -2.727051 -4.459662 -13.174097 -4.599056 -4.777095 -16.751038 -9.146720 -1.739736 -15.404478 -10.278648 -7.620048 -8.611319 -4.525019 -10.668060 -7.818256 -12.579198 -11.687571 -1.700129 -8.560780 -11.449740 -20.545924 -14.433276 -3.909706 -10.533107 -12.198086 -12.007876 -8.472248 -19.007546 -15.570769 -12.682657 -17.072396 
-12.724007 -19.367317 -3.408144 -12.362046 -11.387932 -4.254787 -7.191149 -5.008432 -15.341232 -2.214584 -8.700125 -11.789067 -7.471992 -2.310148 -6.971954 -3.319885 -3.945321 -7.729879 -9.147439 -15.704067 -14.443015 -15.620773 -2.437791 -16.032736 -5.465489 
-5.502255 -8.522545 -4.004902 -13.919666 -14.461526 -3.556231 -9.909793 -17.428413 -12.350903 -6.916930 -2.183499 -10.148149 -7.471992 -9.070239 -6.683991 -13.880453 -15.706586 -12.954135 -15.228426 -2.483371 -4.953632 -19.269115 -20.488025 -16.014704 -14.318820 
-12.281749 -9.622872 -10.950788 -14.719054 -13.433716 -13.502328 -15.094765 -12.521949 -16.555363 -9.017312 -9.340396 -9.249399 -7.471992 -5.933127 -6.956702 -11.552190 -11.158615 -14.366038 -14.738522 -12.598920 -14.298270 -9.473323 -14.441160 -10.713525 -13.673153 -15.620166 -4.515768 -13.116209 -11.557723 -14.651627 
-6.956702 -5.440842 -19.890649 -16.302120 -19.653951 -2.417866 -14.158717 -20.113985 -8.775620 -2.680709 -8.676515 -8.969599 -7.471992 -5.699185 -7.737409 -10.570676 -18.810292 -3.906992 -14.432349 -15.065233 -12.277616 
-6.956702 -19.390926 -6.666490 -9.797299 -5.771449 -15.497756 -3.218109 -8.882168 -16.209511 -2.171081 -10.614907 -9.615717 -7.486504 -12.789230 
-6.956702 -15.514190 -8.808251 -7.486504 -14.219642 -9.304717 -8.331387 -7.167813 -11.189652 -18.116346 -2.100686 -2.529470 -15.576212 -12.277062 -10.133663 -11.189700 -10.810452 -10.978644 -15.229190 -18.237730 
-6.956702 -17.319957 -3.946028 -7.486504 -12.877247 -11.828749 -17.383481 -12.546344 -3.663387 -9.303067 -9.785444 -19.039134 -12.292311 -7.884932 -18.755945 -12.784315 -6.064132 -12.997544 -14.524035 -11.423901 -15.947760 
-7.090434 -9.620837 -7.207255 -7.485972 -2.008598 -17.717689 -15.975624 -17.486708 -5.810505 -17.153133 -14.706968 -7.216491 
-7.090434 -8.520139 -17.666917 -7.485972 -2.162919 -16.267691 -10.937805 -10.493170 -11.185422 -12.127035 -8.598321 -9.501392 -1.893722 -4.412504 -9.201057 -4.754571 
-7.090434 -8.472478 -15.830785 -7.485972 -2.153125 -6.249767 -16.776748 -9.098187 -7.124993 -3.086031 -11.165460 -20.355001 -13.486626 -2.527630 -4.664538 -12.186553 -10.889048 -11.477710 -1.775375 -17.891641 -2.706545 -9.226760 -9.103210 -9.409382 -5.969105 -3.061944 -10.193822 -18.420330 -16.969875 -7.104557 -1.963217 -10.879337 -6.479982 -16.066554 
-7.090434 -8.757439 -11.618472 -7.468904 -6.413998 -11.606507 -7.076688 -8.900510 -9.777610 -6.591076 -7.053316 -10.110151 -18.347378 -14.249013 -4.601055 -14.348967 -2.004969 -19.035723 -1.875571 -2.497954 -15.078622 -12.541706 -14.203845 -11.086092 -19.855225 -12.268965 -13.484269 -7.158195 -12.381461 -13.726915 -14.348297 
-7.090434 -8.859017 -10.400787 -7.468904 -9.114835 -3.099731 -9.002404 -8.641120 -9.135414 -10.110806 -11.123384 -3.254962 -13.502796 -13.935994 -15.463072 -17.123333 -2.130073 -8.068339 -9.765549 -2.479661 -12.378760 -5.677334 -10.870777 -2.373574 -17.507451 -12.379306 -10.759364 -2.258680 -20.194775 -7.448845 
-7.090434 -7.848214 -17.086642 -7.468904 -2.806524 -13.038858 -9.696902 -9.706061 -8.719014 -18.241972 -15.702364 -16.455950 -12.479128 -10.820922 -17.333022 -11.448886 -12.185990 -16.014762 -13.135112 -2.318427 -13.145033 -16.532891 -9.455535 -11.465208 -18.812380 -1.814825 -13.688908 
-7.090434 -9.320758 -8.254455 -7.468904 -14.621433 -12.311885 -4.518006 -7.344637 -9.298865 -13.480898 -5.968032 -18.619074 -9.832373 -2.175372 -12.476544 -17.477139 -7.406959 -10.435916 -14.165915 -19.158343 -13.959811 -7.385373 -12.337160 -14.998665 -11.098261 -15.724843 -5.590439 -11.738396 -2.815395 -9.518867 -1.907184 -2.311988 -13.199269 -13.282741 
-11.005729 -9.038319 -20.064278 -7.468904 -3.685232 -2.107567 -3.397908 -6.706110 -6.811342 -4.849667 -2.498476 -2.694853 -13.530407 -12.413361 -2.946634 -2.008849 -15.114938 -15.208939 -9.543762 -15.757641 -19.200928 -7.846631 -3.482563 -10.525001 
-14.500639 -7.809544 -15.167507 -7.468904 -5.142705 -4.021268 -2.098706 -16.548739 -6.897317 -14.946576 -6.995295 -4.078925 -3.713350 -8.058578 -13.765702 -5.200469 -18.796729 -14.946657 -11.099243 
-8.425440 -13.940392 -16.292481 -7.483146 -2.228590 -17.186161 -12.407605 -3.793218 -6.897317 -2.327782 -9.443784 -3.735887 -16.920046 -11.232854 -9.666055 -8.709358 -8.466833 -1.846087 -15.696652 -10.203692 -12.039306 -13.718937 -2.806562 -10.845572 
-7.473855 -10.333027 -2.380292 -7.394238 -16.937719 -13.039256 -2.149242 -14.953546 -6.897317 -18.699506 -7.599612 -2.230661 -17.414869 -5.123251 
-8.357718 -13.460859 -1.725808 -7.389261 -16.999489 -16.190615 -6.094298 -6.949515 -8.560645 -7.316097 -11.548208 -14.917728 -9.227434 -17.154949 -13.581814 -13.270561 -3.777145 -14.003981 -19.806434 -12.137685 -17.625926 -15.729672 
-10.486056 -2.418271 -10.733843 -7.389261 -9.952502 -17.070842 -6.094298 -8.411694 -2.084382 -16.578617 -8.853632 -2.294736 -15.373749 -12.767075 
-20.532061 -3.253542 -12.454947 -7.389261 -4.597298 -11.605116 -6.094298 -6.878999 -7.040642 -6.802093 -12.475633 -9.940134 -17.531447 -12.766659 -15.062869 -6.137919 -1.775152 -12.465796 -14.774513 -3.862414 -10.258522 -15.797377 
-9.487315 -1.917046 -4.330581 -7.389261 -18.220060 -9.409575 -6.446544 -17.552537 -17.475541 -3.363989 -6.462048 -17.068777 -19.430283 -5.734788 -11.836889 -16.572715 -17.656957 -10.146881 -5.534590 -16.737487 
-12.849874 -2.497436 -11.179945 -7.389261 -6.533142 -10.050088 -6.446544 -12.573677 -11.373327 -20.587923 -9.030366 -3.887339 -9.050277 -3.091113 -15.570301 -5.726514 -6.170605 -7.748490 -14.692943 -10.339231 
-5.272386 -9.677950 -12.626909 -7.540061 -18.311919 -8.723850 -7.372291 -2.014572 -4.496729 -11.858512 -7.344678 
-3.595137 -18.656571 -8.944282 -7.540061 -5.596653 -18.117576 -7.372291 -3.272748 -9.939676 -12.760040 -11.309327 
-8.672407 -11.300996 -2.244030 -7.512823 -9.878282 -8.014231 -7.081204 -10.038296 -18.752408 -6.113463 -3.508777 -10.333882 -19.337439 
-9.801779 -4.473037 -2.723194 -7.512823 -11.862008 -10.400713 -7.151166 -8.314166 -17.131951 -12.690342 -11.561209 -14.717899 -2.517239 -13.352292 -12.590190 -14.873859 -15.659803 -19.655321 -7.667175 -9.252866 -17.098374 -17.463245 -4.265246 -15.474028 
-5.848416 -18.928027 -16.890081 -7.512823 -4.901862 -7.808134 -6.706830 -13.905970 -3.148422 -2.510097 -4.922093 -7.463259 -13.022943 -19.707565 -10.803677 -15.867489 -14.603424 -16.040054 -14.146319 -18.222751 -8.120058 -3.407477 -16.345369 
-11.788049 -8.194911 -18.650514 -7.452954 -14.401988 -9.332745 -6.706830 -12.417645 -12.136620 -2.378081 -13.053960 -9.255692 -9.884267 -6.424506 -14.026981 -12.235058 -8.579935 -11.449200 -8.197199 -20.432239 -13.926262 -5.065964 -15.885245 -15.507487 -13.119486 -3.890420 -9.965901 -7.082021 -16.239263 
-17.375252 -14.023029 -17.404676 -7.452954 -7.926083 -8.181788 -1.897096 -11.519400 -11.010063 -3.003164 -10.209915 -2.706134 -7.100445 -11.731967 -2.873210 -3.496438 -14.159540 -10.042548 -17.505169 
-2.499925 -14.028940 -17.458425 -7.452954 -9.264390 -7.853316 -13.234820 -3.073608 -2.483238 -15.354752 -7.947511 -12.769281 -7.100445 -2.543457 -6.895157 -8.345997 -8.849123 -17.277316 -8.337550 -20.350849 -16.046668 -13.884995 -8.835723 -18.594331 -15.876790 -11.333805 -4.094435 -8.902671 -17.829571 
-14.857921 -2.354784 -8.090559 -7.452954 -8.316661 -7.547509 -7.100445 -5.387292 -15.787281 -3.228736 -7.773017 -1.861707 -13.437606 -15.150340 -11.697244 -19.668749 -5.357718 -3.281818 -15.206878 -17.113860 -16.831907 -14.742430 -8.321136 -3.155659 
-10.384703 -2.423371 -15.401481 -7.452954 -9.577816 -7.382102 -7.100445 -16.396179 -16.498047 -7.517677 -14.515729 -14.808958 -7.016749 -3.062794 -7.497620 -6.875022 -16.641144 
-12.487513 -19.588484 -6.685128 -7.452954 -7.280759 -7.382102 -7.100445 -15.884318 -18.094898 -6.663978 -16.614018 -15.489525 -7.771231 -9.116794 -16.802724 -7.944618 -11.729774 -15.460645 -14.998459 -15.293780 -17.490143 -18.815970 -13.718626 -12.855853 -8.857527 -3.149627 
-17.080093 -11.456244 -14.262728 -7.452954 -7.712990 -13.212026 -7.100445 -12.171896 -10.600721 -10.675097 -15.414598 -14.621323 -7.623203 -2.085546 -7.789197 -8.750893 -14.928570 -18.225002 -19.887088 -3.502383 -17.334199 -15.500914 -18.276884 -15.695011 -12.439163 -16.771037 -13.301053 -15.621175 
-15.598339 -12.143087 -2.249452 -7.452954 -6.991958 -17.529627 -7.100445 -10.047859 -4.519256 -14.816851 -17.262939 -13.163966 -12.787431 -14.962817 -1.999961 -15.375532 -5.436425 -13.309340 -16.954226 -17.976323 -13.576824 -16.214382 -16.827417 -20.461798 -13.110804 -10.449265 -18.545869 -3.605666 
-4.455537 -5.372547 -4.239660 -7.452954 -2.914761 -6.219299 -7.072993 -12.840379 -6.139342 -16.081316 -16.086299 -13.232397 -18.406513 -9.039839 -8.514199 -12.491195 -3.987292 -9.914740 -6.974303 -16.106892 -17.124492 
-16.987480 -16.436889 -7.465559 -7.452954 -11.446332 -8.248701 -7.072993 -2.386714 -16.923405 -17.401921 -16.674429 -1.917523 -7.885207 -13.119789 -9.165169 -13.389713 -20.308294 -16.249231 -17.402609 -2.767041 -14.310419 -14.721426 -18.967114 -11.660123 -2.137463 -10.026145 -16.777430 -18.893330 -11.914300 -13.899971 
-13.245448 -9.316203 -13.030850 -7.452954 -14.849678 -6.283432 -6.393388 -13.438315 -8.675157 -14.089460 -8.136038 -9.978777 -10.247961 -2.070346 -7.087568 -5.694894 -2.005153 -4.994400 -10.138707 
-7.087568 -14.153786 -7.905871 -7.452954 -13.506246 -11.168079 -1.963310 -7.403742 -12.481630 -4.905557 -5.914750 -9.877365 -8.965494 -12.971415 -5.349015 -10.264262 -8.400532 -12.601385 -8.755278 -2.814976 -1.758807 -9.645966 -9.589332 -11.190003 -15.008715 -12.024574 -10.176324 
-7.262623 -12.990426 -8.357782 -7.452954 -1.938524 -17.210794 -17.892281 -7.659612 -16.149405 -12.026374 -12.143367 -17.963287 -4.672348 -20.037226 -2.862542 -17.648671 -7.350553 -20.250843 -19.134576 -13.529641 -14.559646 -2.220488 -14.185466 
-7.262623 -3.970403 -14.094942 -8.171626 -7.270940 -2.108337 -11.795732 -11.070435 -2.185191 -8.482840 -16.087171 -8.090533 -4.571829 -11.373563 -2.395767 -17.763512 -7.336114 -7.948324 -11.372278 -8.393764 -10.192341 -2.415703 -6.085904 -19.007358 -11.180251 -10.141426 -15.003303 -9.672454 -1.953447 -10.699447 -13.019800 -8.898615 -17.452529 -7.821330 
-4.896194 -11.293868 -7.488936 -7.548722 -13.763931 -8.038911 -7.785254 -12.818592 -12.754608 -14.644758 -18.234153 -11.179809 -7.534382 -11.727383 -2.150438 -7.898775 -3.134391 -3.833547 -6.333580 -9.571298 -8.424756 
-12.362808 -2.878787 -15.814906 -7.781430 -12.989354 -10.207820 -7.219421 -7.743173 -14.419239 -14.665611 -7.483521 -11.195430 -7.193533 -13.838034 -2.481844 -5.969320 -4.184218 -9.875214 -15.904825 -19.075828 -15.573315 -18.961002 -11.916008 -8.683131 -11.640405 -17.622537 
-10.225629 -19.368172 -7.255922 -7.781430 -18.278788 -11.825605 -13.581790 -5.604827 -2.223371 -2.362645 -12.852044 -16.843855 -16.598538 -11.570363 -6.933226 -14.138409 -17.012833 -3.990297 -18.506704 -9.909681 -14.718900 -5.998578 -14.860595 
-15.330953 -13.856627 -7.255922 -7.781430 -13.818818 -3.056587 -20.532569 -8.241357 -7.373818 -15.824666 -2.028815 -16.892838 -15.776793 -16.925035 -15.356862 -17.350132 -13.223611 -10.718478 -13.618457 
-7.702022 -10.040492 -7.011208 -7.781430 -15.550741 -1.794619 -19.336837 -2.002371 -7.277160 -8.199685 -9.232214 -14.508517 -2.694025 -15.787259 -17.210349 -15.067108 -3.557083 -14.724363 -15.821381 -15.742672 -3.966016 -13.438325 
-14.394401 -3.225804 -7.011208 -7.781430 -9.696957 -14.549583 -12.218315 -11.799018 -3.647691 -5.782870 -7.256704 -12.333534 -14.060248 -10.284640 -13.024639 -14.933745 -12.643363 -2.122582 -11.763055 -10.993326 -13.504754 -15.139030 -8.804656 -10.217972 -15.219004 -12.567316 -3.639320 
-15.399388 -11.594442 -7.635102 -7.815895 -12.296409 -2.942472 -13.846568 -16.829292 -3.114232 -14.870255 -7.955170 -9.595157 -16.700069 -14.547540 -7.276384 -12.537884 -5.979294 -1.927976 -12.563158 -12.516007 -12.272625 -13.710540 -15.632869 -14.928030 -2.098987 -17.403571 -8.765393 
-17.199258 -15.945567 -7.775062 -12.431520 -1.871847 -3.614697 -15.172718 -16.577247 -11.076110 -15.834070 -16.983663 -9.390380 -15.871986 -7.818767 -17.510736 -10.700714 -5.992716 -7.058172 -13.535561 -14.696975 -7.897484 -17.739773 -8.899628 -16.381822 -2.131444 -16.071332 -6.925841 -13.164052 -14.091204 -8.419745 -8.950602 -16.646555 -11.730669 -16.605133 -7.421726 
-3.389416 -13.998149 -7.775062 -6.664888 -3.376853 -11.497941 -12.872556 -7.876449 -17.132313 -12.722116 -2.034158 -8.589869 -10.158747 -13.441265 -10.265462 -2.259510 -7.504184 -6.928232 -8.631599 -12.082437 -9.784884 -10.100614 -12.864362 -11.625967 -18.105732 -10.583627 -3.348474 
-8.848496 -18.013411 -7.942745 -2.679633 -2.691096 -9.361891 -9.926742 -7.936605 -1.829839 -13.706961 -4.658677 -13.931285 
-3.741752 -8.424606 -7.886594 -2.327947 -19.976244 -8.022736 -16.023325 -7.653865 -8.455738 -3.379910 -12.175776 -7.988509 -12.914527 -4.361262 -4.543659 -10.044466 -13.198808 -9.735275 -15.954152 
-7.738498 -8.524263 -7.288166 -2.318412 -19.633540 -10.176862 -4.225134 -7.635005 -2.868522 -2.578282 -16.145511 -4.729383 -8.084481 -9.831997 -14.739373 -10.440704 -5.081567 
-17.135779 -4.604166 -7.288166 -19.220425 -12.070513 -15.137479 -16.434729 -7.698289 -12.818106 -15.430196 -10.717631 -7.667883 -9.705128 -17.011217 
-12.706929 -2.273984 -7.357597 -9.327723 -14.700995 -8.407679 -18.220174 -7.698289 -6.620650 -11.613775 -10.743929 -11.553982 -11.198622 -11.911459 -14.174642 -19.833927 -8.002193 -8.831550 -7.811549 -15.220842 -10.896083 -4.407178 -2.056976 -15.922187 -12.200792 -14.440140 -2.890336 
-9.204477 -2.092391 -7.582435 -8.649884 -10.485885 -8.186307 -16.343308 -7.698289 -13.880131 -13.901125 -8.949099 -3.716550 -5.304561 -17.639740 -14.536492 -14.691698 -15.137117 -14.355253 -5.220423 -11.054647 
