  0.091390 512.405674
  0.092827 509.701209
  0.087286 537.952980
  0.085837 533.056764
  0.084668 537.982125
  0.081209 506.495314
  0.083678 537.808983
  0.086541 527.433141
  0.087590 519.052054
  0.085217 499.305545
  0.083920 542.867618
  0.086090 525.945093
  0.088912 488.924297
  0.086032 520.975803
  0.084459 544.943826
  0.082150 518.920442
  0.091265 528.510642
  0.089662 510.138120
  0.092867 521.159824
  0.088769 558.337676
  0.090573 535.980107
  0.095160 529.449927
  0.090880 505.230539
  0.092648 493.393098
  0.088228 531.748566
  0.092157 531.264912
  0.093153 505.176268
  0.093926 493.094312
  0.090117 551.439182
  0.089347 538.650959
  0.093270 565.010562
  0.093938 506.063626
  0.091683 530.253944
  0.091564 528.952345
  0.088810 516.486334
  0.089851 491.326387
  0.094855 561.288024
  0.095580 479.441181
  0.093383 546.506922
  0.088881 541.162470
  0.088461 526.650860
  0.088143 515.606822
  0.088939 565.583346
  0.090548 525.023109
  0.085375 532.423433
  0.083875 553.052245
  0.087964 525.119039
  0.088524 515.683363
  0.089437 542.994032
  0.087089 528.119639
  0.092786 543.250411
  0.088748 524.285136
  0.088221 535.243550
  0.090196 535.759177
  0.090134 519.040122
  0.092104 520.463656
  0.088786 542.832140
  0.087535 535.160450
  0.089953 498.178962
  0.083904 521.572539
  0.085435 518.351399
  0.094369 521.013383
  0.092010 513.077795
  0.088573 529.799187
  0.090615 538.835514
  0.089156 501.419174
  0.089821 549.677124
  0.084457 518.108444
  0.093277 505.380761
  0.099310 532.588761
  0.091882 533.581144
  0.093060 527.693578
  0.088164 525.116467
  0.088431 544.721011
  0.085433 540.300563
  0.090021 541.936702
  0.084791 517.095359
  0.091517 537.805369
  0.091304 534.859041
  0.089179 524.524052
  0.084793 488.444995
  0.083631 555.511601
  0.090396 523.328253
  0.089960 533.996824
  0.085431 548.540752
  0.090389 527.787890
  0.090233 521.093623
  0.086746 545.354514
  0.090235 566.418349
  0.085848 559.939398
  0.086241 512.572544
  0.096147 510.922735
  0.091654 523.348447
  0.090723 549.981049
  0.097787 529.120577
  0.091502 514.243497
  0.094905 514.749787
  0.091412 534.027717
  0.082875 526.024004
