0.000000 0.031908
0.000000 0.024153
0.000000 0.023186
0.000000 0.019314
0.000000 0.024131
0.000000 0.025394
0.000000 0.017494
0.000000 0.020308
0.000000 0.034121
0.000000 0.018159
0.000000 0.019583
0.000000 0.033153
0.000000 0.011187
0.000000 0.018629
0.000000 0.029812
0.000000 0.017990
0.000000 0.052874
0.000000 0.060637
0.000000 0.021301
0.000000 0.029381
0.000000 0.026707
0.000000 0.027540
0.000000 0.032272
0.000000 0.017735
0.000000 0.015376
0.000000 0.022571
0.000000 0.019084
0.000000 0.033644
0.000000 0.024047
0.000000 0.029039
0.000000 0.015266
0.000000 0.015056
0.000000 0.014848
0.000000 0.030788
0.000000 0.017584
0.000000 0.035650
0.000000 0.018689
0.000000 0.019700
0.000000 0.031274
0.000000 0.028592
0.000000 0.027388
0.000000 0.022505
0.000000 0.024139
0.000000 0.023904
0.000000 0.019627
0.000000 0.035405
0.000000 0.061001
0.000000 0.017340
0.000000 0.030863
0.000000 0.028322
0.000000 0.028203
0.000000 0.022353
0.000000 0.013169
0.000000 0.016805
0.000000 0.017967
0.000000 0.017871
0.000000 0.028031
0.000000 0.027838
0.000000 0.019385
0.000000 0.021393
0.000000 0.040640
0.000000 0.061281
0.000000 0.021243
0.000000 0.031328
0.000000 0.025244
0.000000 0.053230
0.000000 0.044382
0.000000 0.041097
0.000000 0.021696
0.000000 0.027824
0.000000 0.021569
0.000000 0.021479
0.000000 0.017192
0.000000 0.022180
0.000000 0.031399
0.000000 0.024584
0.000000 0.014170
0.000000 0.019907
0.000000 0.018306
0.000000 0.019606
0.000000 0.042241
0.000000 0.024229
0.000000 0.038351
0.000000 0.016149
0.000000 0.024142
0.000000 0.017163
0.000000 0.017620
0.000000 0.030535
0.000000 0.024490
0.000000 0.021203
0.000000 0.026502
0.000000 0.015978
0.000000 0.020677
0.000000 0.100553
0.000000 0.048582
0.000000 0.030004
0.000000 0.050753
0.000000 0.016473
0.000000 0.032632
