-10.634684 -8.183672 -11.749732 -9.063082 -10.074143 -6.525988 -8.919077 -3.759572 -2.610190 -16.890630 -16.070661 -5.110825 -16.560174 -12.371908 -4.600427 -1.906002 -1.961579 -11.473514 -15.508198 -8.310428 -14.988695 -4.726682 -7.941929 -18.627821 -7.447222 -7.385348 -10.909049 -13.719078 -14.273499 -9.249256 
-18.188342 -16.982433 -11.139505 -9.215574 -7.555246 -8.962254 -9.277274 -18.512949 -2.139656 -2.626783 -12.539242 -4.449149 -16.069753 -18.969479 -17.166702 -10.092960 -11.999586 -18.273831 -12.527593 -13.691491 -12.241139 -4.519306 -8.137360 -2.566274 -9.919561 -18.017511 -16.760122 -13.073832 -17.701516 -11.750391 -5.300661 -4.065912 -19.616131 -9.560308 -12.273364 -15.522120 -4.717207 -10.012353 -14.814702 -16.840993 -2.507381 -6.124516 -3.562221 -10.872293 -12.628189 -17.482960 -2.838870 -2.093525 -14.559213 -11.208787 -16.250849 -3.719186 -12.667428 -4.293263 -16.862034 -10.887910 -2.682155 -15.369948 -2.809017 -6.075516 -4.363960 -15.826249 -15.475012 -15.276382 -12.833893 -13.714070 -3.948020 -12.342281 
-16.510663 -7.847788 -6.705705 -9.167742 -17.904333 -12.487302 -9.657988 -2.979475 -1.768198 -11.009604 -1.834171 -10.263640 -1.987691 -7.918125 -13.446133 -10.001436 -5.551142 -12.268360 -4.032546 -11.332587 -1.980824 -4.855633 -7.900457 -5.812980 -4.169679 -10.630819 -11.611902 -19.073628 
-8.518900 -2.814221 -14.296489 -9.002702 -11.205711 -4.958730 -9.225648 -13.601016 -1.725712 -7.911163 -17.152984 -5.999241 -4.847773 -9.537439 -9.537376 -10.134964 -5.760431 -13.397027 -2.899561 -14.689895 -10.653268 -14.813867 -16.801489 -2.063000 -8.354019 
-16.075255 -3.945691 -10.073190 -14.377554 -11.336850 -5.057328 -10.461805 -8.748278 -7.839750 -8.049218 -14.296954 -5.575184 -11.629459 -11.530551 -12.372679 -9.989619 -9.682028 -3.097173 -3.221363 -2.718636 -6.124302 -2.586571 -13.840636 -8.884429 -2.667113 -5.650196 -15.362898 -10.720423 -11.838804 -14.805038 -11.359427 -18.829183 -14.253361 -15.998470 
-3.986900 -6.142305 -11.064292 -11.817888 -12.549949 -5.803146 -5.054288 -8.615423 -12.009226 -7.595611 -4.750290 -9.114059 -8.786829 -3.277153 -2.556232 -10.076708 -4.800246 -16.333516 -14.230496 -14.258504 -13.594657 -17.055409 -6.513214 -14.833767 -4.571465 -15.349770 -14.624227 -19.496800 -9.009318 -9.643098 -15.050060 -13.165022 
-17.547093 -6.532591 -9.072021 -18.537551 -17.922800 -5.783816 -20.400106 -8.648539 -8.195187 -15.164923 -7.291218 -14.296601 -10.964222 -1.903747 -5.105597 -9.775922 -8.336549 -11.091375 -11.966997 -13.626558 -14.838356 -2.536983 -16.686522 -3.255860 -20.413310 -4.252370 
-12.714317 -6.582438 -8.597020 -7.701920 -18.581181 -5.257843 -15.064406 -9.502969 -8.617353 -4.800660 -7.797793 -7.586651 -9.539447 -12.822948 -2.581338 -9.761759 -15.994561 -4.464240 -1.820466 -4.918782 -17.105283 -17.998797 -7.146373 -11.605106 -10.511300 -1.786076 
-6.178086 -11.593933 -2.739476 -8.234016 -19.360487 -4.319711 -17.685873 -8.555076 -1.879443 -12.173331 -6.650314 -8.715109 -10.524587 -3.037261 -15.952746 -10.234679 -16.533108 -12.668373 -8.967460 -8.427968 -13.571369 -16.977846 -5.493826 -6.666694 -2.422089 -7.035613 -15.226063 -10.696113 -9.492815 -15.945363 -15.836172 -16.974229 -2.612235 -12.298102 -14.924365 -16.557415 -10.216568 -20.416235 -15.552677 
-16.508749 -3.984093 -14.763143 -15.633472 -11.763284 -4.957258 -3.316870 -17.916203 -16.234802 -15.445768 -6.273639 -4.479724 -10.712793 -9.985350 -9.194046 -10.305509 -19.556617 -3.633641 -8.841451 -8.471817 -2.902463 -4.819064 -6.014438 -6.568976 -10.484198 -10.286437 -14.001619 -6.770908 -17.844215 -4.300372 -15.986947 -14.675055 -7.861015 -16.279370 -14.861135 -5.245440 -3.891403 -2.237733 -4.050175 -13.288287 -19.783639 -19.294273 
-6.892838 -8.284921 -20.455767 -6.660932 -16.829637 -5.212752 -13.697070 -7.953119 -7.056425 -11.271339 -19.075796 -8.196042 -11.554526 -5.503044 -9.455240 -10.281430 -7.411595 -13.598160 -8.870001 -8.246414 -10.327861 -6.972340 -10.056543 -15.591457 -6.516131 -10.483391 -5.063813 -3.555474 -13.087537 -14.337506 -13.276268 -20.316283 -14.564395 -17.789531 -9.354971 -2.936367 -6.376169 
-7.733841 -8.534558 -17.538255 -1.796981 -3.976362 -3.815680 -14.362436 -5.878046 -9.431011 -17.539351 -3.830347 -8.592601 -6.663265 -10.937179 -13.796800 -9.992882 -11.944604 -5.127541 -8.820762 -8.022861 -8.349548 -6.708532 -8.141057 -3.519222 -16.922381 -10.500321 -15.516149 -18.301195 -8.497097 -14.001811 -17.954315 -1.770476 -13.345535 -16.428027 
-8.413202 -8.438629 -13.155763 -7.893243 -8.047840 -4.138268 -3.653306 -2.051559 -9.731356 -17.850532 -6.792000 -14.220773 -13.083636 -17.182723 -6.862965 -10.413794 -8.794943 -15.253355 -8.912536 -5.720971 -12.834591 -13.832299 -20.263751 -17.887570 -5.436504 -19.667315 -14.781442 
-10.634895 -14.265815 -12.468204 -8.963587 -7.358514 -4.501598 -13.317102 -7.661301 -3.924017 -15.667262 -10.171300 -2.533612 -6.900818 -3.338073 -14.248386 -10.152236 -16.548421 -3.958288 -9.034633 -15.684300 -8.212701 -19.126723 -15.167182 -5.671195 -18.612530 -11.539984 -19.241940 -11.135689 -3.566986 -13.381937 -4.410339 -15.196169 -6.976500 -1.858536 -10.265352 -13.380073 -11.406073 -13.420183 -7.318442 -14.732266 -3.350479 -4.445905 
-1.791481 -12.854840 -4.652863 -9.605195 -7.906370 -4.670464 -5.234824 -15.616316 -11.490063 -3.605339 -12.493583 -11.383557 -11.480915 -13.407991 -14.743607 -3.899469 -2.520870 -11.045885 -8.952628 -10.243014 -6.120871 -8.510854 -15.803031 -14.521697 -12.242812 -16.440904 -3.241960 -2.133026 -10.366229 -9.265369 -10.866011 -14.676523 -4.585633 -8.127614 -2.036344 -15.024400 -14.032784 -4.946027 -13.417337 
-12.413628 -18.352542 -4.467830 -9.725988 -7.840788 -18.336944 -4.708120 -9.807948 -8.693386 -4.025088 -3.183649 -11.282801 -18.039054 -12.314390 -7.583326 -8.280578 -1.736100 -11.197612 -18.286233 -2.277986 -10.597866 -2.860331 -2.887328 -14.692800 -15.347498 -4.262963 -15.827751 
-16.048288 -8.742161 -4.361156 -8.372556 -7.417282 -10.540882 -18.986980 -8.541796 -8.076276 -16.379269 -11.566850 -18.075058 -12.773916 -8.097026 -12.899969 -14.100793 -7.242242 -11.147586 -13.459577 -6.967234 -13.352903 -14.191000 -19.378168 -4.465126 -2.849220 -12.417078 -7.983476 -5.682286 -10.107144 -10.980582 -13.514142 -19.934569 -7.615768 -1.929049 -15.296337 
-2.989142 -11.664796 -4.496522 -12.574622 -13.813811 -7.565544 -14.999926 -13.968108 -10.681494 -3.708370 -12.371175 -15.611677 -3.094144 -11.218861 -18.907611 -18.053842 -8.421620 -10.270750 -13.889911 -6.466622 -9.732473 -15.450635 -2.270703 -13.364713 -16.620938 -2.052272 -5.667678 -19.343743 -4.230263 -16.160328 -9.434574 
-2.018468 -8.271588 -11.664484 -10.745625 -4.748320 -7.076748 -1.739604 -19.227842 -10.632961 -6.464992 -18.291608 -16.384236 -13.432328 -11.662332 -11.505528 -5.738766 -17.040761 -5.112576 -10.181339 -16.845960 -16.815301 -4.101814 -6.230080 -17.399888 -4.397701 
-4.542430 -5.669663 -11.582455 -10.340503 -15.648263 -7.423069 -9.934490 -5.762508 -17.839473 -15.939794 -7.293315 -1.746610 -7.198845 -11.911466 -8.824226 -10.400225 -3.259618 -11.034042 -11.047065 -16.059478 -8.308019 -2.515184 -17.046759 
-4.590330 -16.006841 -10.298063 -10.576262 -6.820555 -16.466210 -10.103831 -4.732002 -13.107909 -2.232031 -8.125827 -2.431943 -4.175287 -13.589872 -9.054388 -9.400755 -14.462606 -7.119797 -7.695050 -14.492215 -7.280034 -10.559357 -13.242752 -5.327307 -14.105046 -7.311421 -14.380234 -15.454568 -19.564874 -12.311576 -6.193235 -19.973182 -14.591966 -16.818269 -19.537901 -2.999607 
-4.688253 -1.832615 -19.503813 -10.602142 -3.920716 -13.903660 -10.262615 -13.744010 -20.237342 -6.129183 -13.031580 -18.824574 -13.020665 -11.059528 -16.627353 -9.376837 -17.325071 -7.090390 -2.514801 -17.400283 -14.730465 -13.666568 -4.279576 -5.645201 -8.386260 -15.860737 -6.649590 -1.982587 -5.944870 -15.573494 -15.759049 -19.224224 -9.357730 -4.520314 -4.136974 -18.762149 -14.131585 -14.862608 -11.302560 -18.349869 -6.011423 
-4.427806 -7.322030 -12.891284 -11.015262 -6.528552 -16.811044 -18.566244 -8.514153 -4.767981 -5.553106 -2.392987 -13.705275 -12.590458 -2.785580 -17.287274 -13.444382 -3.083885 -7.009673 -17.268287 -15.995462 -2.322313 -17.672981 -4.472120 -7.312066 -14.780736 -10.131365 -20.418311 -5.990708 -18.385526 -16.201552 -6.025455 -9.499750 -11.146502 
-5.159535 -7.627635 -16.721878 -11.151220 -2.441082 -16.384647 -11.094326 -9.480485 -2.645165 -6.528266 -1.896900 -4.669588 -9.616472 -16.693782 -19.988460 -10.663308 -12.970073 -6.419641 -13.514558 -10.929216 -2.220834 -18.393114 -6.348150 -17.100537 -13.980313 -8.963157 -3.182634 -18.980606 -14.654806 -11.013756 -16.072508 -15.876264 
-4.928073 -8.476972 -3.509635 -7.361571 -1.966706 -12.959809 -9.815396 -8.604622 -1.684885 -5.192668 -12.952693 -6.908113 -19.060265 -2.516371 -13.770801 -10.199203 -12.599578 -7.041390 -3.268601 -10.712727 -10.265043 -18.951192 -6.720773 -20.039897 -10.942594 -5.400770 -19.584942 -3.557155 -14.785990 -8.429922 -3.983013 -4.174450 -12.645789 -16.006710 -10.723621 -3.790300 -3.840520 -16.161146 
-4.391579 -8.423668 -4.667162 -2.817069 -5.788915 -8.548398 -8.848176 -9.154716 -5.411707 -5.925322 -7.930247 -13.848194 -3.441188 -2.819823 -9.842122 -9.354116 -12.025033 -6.950647 -15.612617 -10.562827 -13.479802 -19.236932 -9.286831 -6.309728 -3.317211 -13.477439 -10.015235 -15.883272 -15.599501 -4.343523 -3.225942 -5.433301 
-15.992975 -14.912141 -11.970741 -8.041123 -11.557959 -13.782198 -11.580146 -8.371177 -7.234966 -12.378185 -14.594868 -17.388441 -18.510576 -10.941251 -5.787250 -9.202536 -12.536949 -4.111687 -12.458083 -5.394949 -14.253825 -9.321737 -16.797740 -11.737770 -2.396398 -6.757183 -3.934752 -14.334228 -7.667344 -6.378996 -11.488786 -7.910720 -8.102197 -14.835335 -4.515066 -4.034653 -6.403197 -18.878780 
-16.537663 -12.889627 -19.487717 -12.970624 -5.495561 -14.128743 -9.314513 -9.106257 -7.108224 -16.115417 -2.866740 -4.679140 -2.264941 -9.732050 -7.776322 -9.343986 -7.504562 -11.463766 -7.303969 -14.271435 -1.966842 -20.580915 -11.367808 -4.621147 -19.351112 -15.612837 -4.977031 -18.008244 -7.620630 -10.849954 -3.242737 -6.746219 -2.792219 -18.376116 
-5.741086 -12.163555 -12.878331 -2.690879 -12.496614 -2.490662 -10.075611 -17.264846 -18.751946 -5.599319 -14.237033 -4.713030 -15.496277 -9.646756 -8.580912 -2.553456 -8.892865 -16.642650 -17.315117 -5.928416 -8.027348 -7.128398 -17.156823 -10.876700 -11.635946 -3.865507 -11.328601 -14.518879 
-4.398064 -13.008952 -7.153054 -16.167353 -7.458444 -14.252866 -14.635195 -9.746488 -10.626828 -3.085600 -4.366957 -10.421604 -7.641649 -9.997175 -8.987199 -18.662755 -12.846171 -15.613194 -7.376624 -14.654966 -7.700110 -10.819599 -11.589237 -9.364851 -4.041760 -10.075875 -13.271198 -3.476930 -14.167767 
-12.141718 -13.163168 -17.258397 -16.636456 -7.775147 -3.876384 -4.444788 -9.403346 -13.911917 -8.429217 -4.779013 -8.268917 -8.026745 -10.088842 -8.565265 -16.176579 -12.793683 -13.733668 -8.852338 -7.531790 -11.504238 -7.367360 -20.092904 -2.619949 -17.853520 -3.151815 -3.991826 -4.660759 -18.267579 -4.038957 -12.146609 -3.914380 
-15.584041 -12.333549 -19.540400 -11.382822 -20.007243 -6.048812 -11.422027 -9.728437 -7.204103 -15.044823 -4.621798 -8.772484 -8.458836 -10.151279 -5.170250 -4.262357 -19.269075 -11.768221 -7.306453 -9.100581 -2.967950 -8.593441 -13.716329 -3.368530 -13.952862 -14.369785 -16.640899 -16.019201 -6.331345 
-2.565319 -12.594399 -15.071444 -5.158992 -3.114161 -17.633524 -10.257382 -9.493325 -4.086282 -5.077963 -6.256944 -8.674681 -8.474837 -10.225072 -4.438360 -2.808939 -11.979939 -3.307925 -20.556167 -9.323543 -12.856182 -2.475855 -6.558466 -7.164360 -15.225256 -14.811851 -7.761779 -7.838628 
-11.774038 -13.119533 -6.771028 -16.499886 -15.794855 -9.122378 -12.072819 -10.120492 -7.401990 -6.645543 -4.345493 -12.974232 -8.282451 -10.134106 -8.732913 -8.020630 -11.858481 -7.227002 -14.246388 -2.200205 -13.659515 -7.631307 -1.938742 -3.901761 -8.787274 -18.506234 -16.426256 -2.251736 
-9.011413 -7.437068 -5.802719 -20.432766 -16.242871 -3.012537 -16.103204 -10.624638 -15.404154 -16.734320 -3.755165 -3.510307 -2.370690 -10.985125 -9.231394 -8.146645 -13.122117 -7.456521 -4.384709 -2.621492 -11.956588 -8.194177 -3.216899 -4.227651 -11.821379 -16.427181 -14.594349 -14.826440 -1.865352 -17.646771 -11.167203 -5.369069 -15.935156 -7.426607 -14.128775 -10.694873 -16.100246 -2.098897 -17.985166 -14.255506 -4.129151 -8.465127 -3.588353 -5.831591 
-16.231065 -14.302735 -12.876715 -9.387954 -13.147726 -6.863922 -3.264331 -6.103842 -14.021130 -13.813760 -3.821318 -10.734457 -6.019672 -11.188036 -4.094841 -8.024444 -3.825337 -7.685765 -2.823892 -2.835715 -15.067465 -15.767992 
-13.542070 -4.280010 -3.268387 -9.139741 -12.619111 -10.821335 -7.907629 -7.419388 -5.558874 -18.637327 -13.215913 -9.123283 -3.242017 -10.834324 -14.104767 -8.169778 -4.276790 -6.817682 -2.968126 -13.114523 -5.031040 -17.384239 -12.789654 -18.822041 -11.152485 -9.489977 -18.831941 -19.713763 -15.014064 -5.917788 
-2.414632 -17.312695 -10.265702 -9.490618 -15.233089 -18.498967 -16.249016 -18.050784 -16.607251 -12.838910 -16.121058 -9.910351 -12.089539 -11.035654 -3.373897 -12.779521 -3.953941 -6.421508 -2.807533 -12.093020 -4.158652 -15.663610 -9.362685 -15.750148 -7.749487 -15.951820 -8.023573 -13.429166 -11.704678 -15.316834 -12.509514 -10.138430 -3.657405 -4.698257 -5.917046 -9.652012 -13.765077 -18.775740 -2.671537 -7.088191 -2.598198 -2.792083 -3.499923 -16.989669 -14.959035 
-8.442964 -3.259250 -16.850062 -15.510922 -12.177835 -17.025036 -12.064228 -18.701054 -1.782554 -9.682862 -20.320511 -9.709322 -9.976406 -11.092222 -5.383973 -14.808373 -9.829466 -6.906646 -4.329958 -11.983346 -2.089704 -12.255301 -13.185801 -17.263256 -11.013540 -14.207055 -7.784581 -3.523747 -14.596279 -17.707129 -11.614493 -10.443377 -13.744266 -19.116530 -14.659795 -4.341377 -11.124344 -2.313704 -18.767767 
-10.722997 -2.359815 -15.421019 -4.042390 -9.013469 -11.777812 -14.848140 -4.082160 -11.411723 -5.735035 -13.697316 -10.093888 -3.287691 -10.981836 -16.269716 -7.966980 -11.649727 -7.482493 -16.752978 -2.262078 -6.911157 -12.790066 -3.504915 -14.347063 
-2.540045 -11.252255 -12.913609 -3.721456 -9.434368 -16.121065 -3.602263 -9.506625 -2.138192 -15.979414 -3.723592 -9.742017 -5.834829 -11.322769 -9.234426 -7.879354 -20.138805 -7.628407 -14.262633 -16.757202 -15.633929 -15.367722 -8.241448 -19.660853 -17.221583 -19.372939 -4.327872 -9.391632 -2.504502 -13.243887 -11.493095 -9.684104 -9.629157 -9.761406 -16.831838 -16.992893 -15.186794 
-3.840922 -11.537220 -12.593396 -3.898506 -15.573490 -17.033450 -8.310426 -7.462434 -2.516048 -14.691591 -11.750028 -10.147876 -6.736717 -11.163997 -8.904839 -7.806474 -16.775045 -7.336831 -5.789796 -9.490661 -12.813852 -16.278274 -5.112650 -5.659793 -3.705777 -4.877167 -2.815018 -10.972822 -7.365343 -2.337435 -5.567707 -3.252697 -1.986919 -17.894066 -6.608352 -20.205587 -9.863007 
-16.039285 -4.123122 -12.538391 -3.817647 -12.452037 -8.701973 -10.892765 -11.941064 -12.601530 -17.527656 -7.801206 -10.412237 -12.990912 -11.147611 -3.679706 -8.015487 -13.873298 -7.865606 -5.967521 -11.533395 -14.445319 -6.072463 -2.359158 -16.262911 -10.198312 -5.892909 -13.290964 -6.733270 
-6.367132 -9.118261 -7.938133 -15.752116 -7.526142 -9.794902 -3.767083 -17.738834 -7.711015 -12.531412 -12.537629 -10.587242 -11.028532 -10.783653 -15.542755 -10.370310 -1.827563 -2.211087 -3.492879 -17.164751 
-11.160370 -9.031202 -8.184331 -4.559200 -6.938578 -12.383176 -4.940513 -17.904909 -14.382234 -11.500158 -8.762846 -10.587242 -6.090859 -10.784721 -18.579590 -12.364054 -3.154324 -15.469601 -6.008995 -11.839440 -10.753293 -1.823622 -18.056587 -14.182685 -10.370678 -2.583743 
-2.885225 -9.085110 -8.372832 -3.843364 -7.577661 -14.335306 -12.911408 -13.020674 -3.467867 -10.824992 -12.322325 -10.591268 -10.659230 -9.468180 -8.541718 -15.613695 -2.053980 -11.203164 -15.759984 -15.404149 -4.056079 -5.171737 
-13.590147 -2.884725 -8.269477 -3.308826 -7.513425 -4.106176 -6.269766 -9.197431 -1.980609 -10.718530 -12.729015 -10.591268 -9.177954 -5.459226 -13.262305 -6.053751 -10.248177 -12.516970 -5.181524 -3.774365 -10.391508 
-12.932839 -15.552356 -8.109425 -4.634185 -7.894181 -4.189222 -16.020621 -13.390173 -4.126014 -10.787308 -12.274426 -10.591268 -9.078844 -20.403945 -17.260541 -1.967082 -11.965555 -14.530635 -3.571344 -15.872242 -3.577590 -13.245081 -7.434907 -13.101920 -9.327767 -15.090664 -1.922929 -4.072165 -7.882647 
-16.292157 -12.906168 -8.141906 -16.204335 -7.813675 -3.663494 -12.498754 -6.211308 -9.571988 -10.734940 -3.815883 -10.644646 -9.337966 -17.048797 -14.319893 -5.913756 -13.838030 -11.264026 -14.431920 -13.030472 -4.781316 -9.527906 -2.977105 -15.705646 -1.998825 
-13.384702 -14.141972 -8.216205 -17.316580 -8.114343 -3.895750 -11.216717 -16.426619 -18.871513 -10.758663 -16.784700 -10.648338 -9.326256 -14.498711 -17.839902 -16.454992 -5.955474 -10.050619 -15.941330 -1.878214 -13.797105 -11.462231 -15.500183 -13.886705 -12.157250 -8.637527 -18.519036 -7.174911 
-8.863345 -5.778776 -8.009739 -3.925680 -7.776624 -4.269256 -12.086358 -12.715960 -15.188682 -10.758663 -18.818159 -10.545356 -9.491015 -12.387672 -2.900579 -3.179029 -11.276584 -3.950116 -3.739033 -11.670662 -7.498398 -18.285176 -16.355934 -17.878798 -13.905918 -5.975822 -13.726992 -14.238990 -12.452542 
-4.142627 -13.978404 -7.697053 -20.071476 -7.341774 -4.528955 -4.483113 -12.004905 -17.839910 -10.700832 -14.518727 -10.653603 -9.408263 -12.888361 -14.582403 -14.524409 -20.217994 -5.489131 -3.079036 -15.330726 -14.103521 -10.517491 -9.369785 -5.231541 -4.578770 -15.579159 -14.686443 -14.958012 -9.835153 -12.571205 -2.190510 -9.895571 -16.760330 
-16.252510 -12.276712 -8.238261 -13.958515 -6.891152 -5.283952 -12.929932 -11.560456 -7.679115 -10.700832 -18.179089 -10.653603 -9.430507 -18.030108 -16.443833 -8.987911 -15.945996 -6.056039 -12.640144 -20.490061 -8.232575 -8.834863 -3.639276 -2.519321 -5.211000 -6.681029 -1.829670 -2.206590 -4.041015 -11.179801 -18.949988 
-2.269430 -8.315473 -8.125460 -5.752470 -7.368027 -5.071504 -8.870044 -11.244799 -9.681253 -10.719573 -15.659201 -10.449605 -9.314856 -13.934434 -14.718660 -2.386392 -12.969442 -2.096194 -11.673280 -14.179111 -4.060489 -4.725883 -3.867940 -15.459478 -5.593397 -6.507031 -17.743102 -12.761098 
-2.724030 -16.664804 -8.006927 -5.621061 -7.095782 -5.014143 -7.831580 -16.918734 -4.696923 -10.674747 -8.787473 -10.449605 -9.432209 -6.208149 -17.172760 -13.836341 -14.258606 -11.716041 -5.862262 -15.951321 -17.171545 -15.115209 -14.471219 -17.400860 -10.738240 -11.392709 -12.186253 -17.264809 -15.502547 -15.339614 -3.181262 -16.638835 -6.739483 -10.721076 -17.953978 -15.403308 -16.043186 -9.426649 -8.117228 -2.905408 -8.394648 -17.891292 -18.061714 -17.449344 -15.339385 -13.520849 -13.197939 -7.617240 -8.127108 
-5.183952 -6.671743 -8.158154 -4.530787 -7.399653 -5.023124 -7.153981 -13.446872 -13.298652 -10.709317 -1.975772 -10.502748 -9.820529 -9.976431 -7.058318 -2.320095 -9.289709 -14.015865 -16.919145 -3.732365 -8.818514 -1.972921 -5.377988 -5.925320 -12.852635 -17.471662 -12.403343 -18.909250 -15.351638 -14.675799 -13.543057 -2.199623 -20.174425 -5.604027 -10.551628 -14.185079 -12.969971 -7.701714 -11.881896 
-9.126441 -2.868109 -10.624471 -6.272988 -6.845022 -4.986374 -7.062546 -15.274983 -9.362370 -10.734595 -12.851823 -9.622629 -19.210410 -16.252381 -13.682784 -17.108293 -15.251944 -6.831402 -4.171689 -5.039487 -5.907182 -8.900937 -11.760325 -2.476022 -12.346352 -20.050192 -3.587888 -15.678422 -9.681689 -18.647245 -8.500766 -8.080781 -15.277195 -10.082786 -2.202427 -4.475542 -16.302448 -16.089230 -18.557609 -13.726922 -18.723828 -20.585965 
-2.158398 -11.891929 -1.755581 -5.187235 -9.623622 -4.467743 -12.952761 -2.066031 -10.783556 -10.952042 -15.096848 -10.020113 -4.497849 -8.851539 -3.750148 -7.734622 -12.163238 -3.104196 -13.695163 -16.535467 -6.511976 -9.522051 -2.607747 -4.448434 -10.931565 -8.847929 -13.569453 -15.401059 -16.829282 -16.643256 -17.272878 -15.166266 -12.243806 -2.081895 -6.149392 -17.065302 -7.973216 -6.775454 -3.818960 -15.255671 -1.979323 -9.004670 
-4.796179 -12.665949 -12.702090 -4.071565 -5.809800 -5.266700 -13.270621 -17.575952 -13.318132 -10.558295 -19.303344 -9.188910 -15.905144 -1.924345 -4.403426 -14.050672 -5.511018 -15.619888 -9.796802 -8.415629 -1.804458 -14.599324 -8.772135 -7.773356 -12.829068 -13.194777 -8.785538 -13.314475 -9.714148 -2.323136 -8.308912 -12.360036 -4.713445 -6.591808 -7.054232 -13.288679 -11.864703 -15.625396 -3.480186 -10.290532 -7.977728 -5.156817 
-8.528873 -18.646613 -13.940823 -12.939390 -5.189623 -5.864411 -2.720170 -3.570670 -18.473812 -10.904816 -5.719356 -8.952833 -3.006184 -11.847565 -13.059994 -12.804100 -6.042362 -5.331395 -7.215989 -8.123835 -7.059329 -19.218884 -1.703529 -6.014100 -4.572904 -10.790810 -9.049541 
-8.414135 -8.274815 -4.570042 -10.250795 -13.577935 -5.502513 -9.992993 -11.240584 -11.685312 -12.829592 -17.075050 -9.885008 -7.597547 -8.256923 -4.054391 -14.760146 -6.946902 -10.872323 -7.183509 -4.567921 -15.544046 -10.316849 -8.503791 -11.131230 -11.668703 -9.814000 -9.597904 -9.826697 -8.469925 -8.633690 -8.074703 -10.202564 -3.228191 -15.575486 -4.302494 -2.690561 -15.891059 
-8.332959 -8.010137 -18.968347 -10.043431 -5.870463 -13.795501 -11.291555 -16.475896 -19.240113 -6.710416 -8.136487 -9.617217 -3.753020 -10.412398 -15.307032 -5.394516 -6.171915 -15.530136 -7.219509 -14.867461 -2.267649 -15.696105 -12.471328 -10.260015 -7.169174 -11.287271 -13.659669 -9.324839 -2.874704 -13.381390 -13.202253 -20.015873 -6.894703 -2.990776 -4.864114 -19.606570 
-8.649828 -8.010137 -10.324308 -10.045735 -5.172436 -19.152011 -12.690049 -12.194002 -13.358091 -4.081899 -17.216232 -9.442712 -2.355557 -7.257382 -2.033623 -10.125822 -6.584441 -17.057657 -11.497223 -3.511623 -13.288989 -3.874513 
-8.723884 -7.948019 -10.076186 -10.346026 -4.558197 -20.539100 -3.036186 -14.236691 -14.226169 -4.896613 -15.782072 -9.217815 -14.145553 -7.257382 -8.728712 -2.641334 -6.439333 -12.681549 -11.995797 -4.188028 -8.940938 -13.296439 -14.008522 -13.196770 
-9.152442 -7.639845 -4.591524 -10.774112 -3.605584 -16.089771 -3.965081 -11.811484 -11.070512 -13.929857 -1.844274 -9.470934 -11.425898 -7.257382 -18.278460 -15.933609 -6.990083 -3.457321 -17.633675 -10.315623 -13.862150 -16.065349 -7.076433 -2.532549 -10.418498 -17.248698 -12.881930 -5.808184 -5.226148 -16.349771 -20.374727 
-9.027862 -7.698866 -5.144442 -10.794594 -10.680226 -16.601536 -2.626024 -12.055470 -5.500637 -20.053723 -11.636051 -9.342145 -10.727431 -7.307577 -2.776670 -10.274922 -6.818333 -12.394034 -10.423336 -5.130423 -14.277883 -8.253443 -6.826505 -15.984873 -7.969774 -1.708959 -6.512168 -8.303592 -3.963489 -12.127231 -4.102733 -6.388494 -1.694737 -3.874153 
-8.957323 -7.698866 -5.109796 -10.641948 -13.364024 -2.476274 -13.539482 -11.575101 -2.348932 -6.045401 -12.666759 -9.399333 -16.569131 -7.206479 -10.476326 -15.867880 -6.554288 -17.676198 -11.971654 -12.515620 -1.943564 -3.068745 -12.423177 -9.090896 -18.132326 -4.808743 
-8.957323 -7.698866 -5.488652 -10.331649 -16.628769 -13.174340 -12.985623 -10.286512 -16.325612 -6.915228 -11.212005 -9.075505 -2.969739 -7.265455 -6.207830 -19.591127 -6.288665 -10.129541 -3.327849 -12.409580 -5.498445 -7.587445 -11.039095 -5.674254 -1.900807 -11.170232 -4.091345 
-8.957323 -8.009019 -5.498607 -10.774159 -15.032636 -15.800740 -10.837203 -16.463373 -8.451664 -11.683238 -12.342263 -9.191647 -2.043283 -7.386435 -11.021652 -11.850683 -5.984615 -9.287965 -6.341662 -2.459427 -2.639014 
-9.103249 -7.589005 -5.502095 -10.386191 -10.600862 -16.677454 -4.337685 -16.782658 -7.486373 -16.085863 -12.919799 -9.191647 -12.734001 -7.286554 -5.927748 -11.624017 -6.658983 -8.749568 -18.762236 -3.322666 -17.210528 -2.761843 -1.791643 -14.484794 -4.255795 -14.038567 -16.248735 -7.638572 
-9.103249 -7.737699 -5.633615 -10.191883 -17.097174 -2.208603 -7.972512 -7.578508 -12.525978 -17.611669 -2.190739 -9.191647 -8.209759 -7.286554 -15.387371 -12.292904 -6.262706 -8.848298 -13.539885 -7.217965 -15.139402 -5.047124 -8.026709 -14.287368 -4.766474 
-9.103249 -7.518545 -5.510117 -10.325269 -13.486066 -12.529721 -11.861831 -17.136650 -11.310316 -9.506694 -5.684296 -9.191647 -9.775956 -7.325999 -5.336288 -12.022172 -6.560443 -8.637579 -15.124323 -5.599350 -7.969603 -6.666430 -7.868950 -13.642523 -2.673728 -16.650010 -15.246447 -2.825280 -18.758625 -11.928407 -14.515690 -14.431949 -11.695670 -10.866079 -3.593815 -2.509027 -7.352535 -6.375642 -5.127246 
-9.103249 -7.566114 -5.406481 -10.744142 -15.608988 -4.023857 -16.790666 -20.439047 -12.250468 -17.738262 -13.625348 -9.191647 -2.979976 -7.078514 -15.811815 -12.376481 -6.516134 -8.240175 -2.495245 -16.197604 -12.025973 -19.151597 -5.701371 -7.434539 -6.558274 -17.945351 -5.860396 -4.274894 -7.315186 -12.305699 -8.987544 -2.653863 -11.500407 -10.553252 
-8.858579 -7.798172 -18.329630 -10.737942 -13.360287 -5.118341 -9.653853 -20.545464 -6.957457 -16.683932 -11.445255 -9.690610 -12.053994 -7.024811 -2.280088 -8.982607 -6.479534 -13.124931 -10.766593 -11.511613 -14.080674 -15.691788 -4.029199 -17.761892 
-8.784635 -8.058682 -17.711932 -10.272234 -13.217587 -5.261945 -2.826158 -17.738059 -3.048605 -2.936627 -1.821678 -9.689754 -5.461794 -7.024811 -17.291097 -4.714069 -6.488518 -13.558981 -6.290460 -9.972054 -5.924117 -2.265511 -10.367918 -20.611862 -11.712395 -14.155940 -16.792477 -9.138256 
-8.784635 -7.833275 -10.557036 -10.251721 -2.599146 -5.397937 -16.314623 -1.859591 -10.222042 -2.944931 -11.107061 -9.462896 -15.574049 -7.078787 -5.913310 -16.265309 -6.270993 -14.659864 -5.232445 -9.878740 -2.825730 -13.669622 -2.880475 -3.190638 -4.902041 -15.086017 -20.188118 -13.837151 -10.596998 
-8.784635 -7.833275 -14.155197 -9.936476 -4.012147 -5.570076 -14.418764 -2.960725 -3.425256 -12.693565 -11.269328 -9.462896 -12.290978 -7.139372 -5.264911 -4.294172 -6.356201 -5.825111 -5.051352 -7.124585 -20.252290 -12.151775 -8.960190 -11.913464 -14.064122 -5.308578 -2.264245 -2.120291 -16.005488 -11.395483 -11.849886 -5.090430 -5.145025 -16.278021 -11.801189 -11.252106 -18.816591 -15.735841 -13.149376 -1.829341 
-8.784635 -7.852047 -8.476377 -10.904031 -18.743254 -5.057271 -12.800271 -3.687532 -10.310521 -19.627106 -17.752444 -9.424343 -2.705324 -7.303895 -11.805129 -10.428959 -6.520221 -17.698122 -12.223663 -15.778084 -11.792494 -7.045624 -5.464355 -15.617339 -3.405388 -10.141361 -4.279246 -4.423675 -10.432880 -11.977843 
-8.547010 -7.921949 -9.560936 -13.775460 -14.916703 -4.737167 -15.906510 -6.895281 -20.126579 -2.236158 -12.318297 -9.180174 -12.043010 -7.296009 -10.662327 -18.770152 -6.404357 -3.848048 -13.769535 -10.938967 -18.485519 -4.128527 -13.801137 
-8.562411 -7.856711 -2.370636 -2.315417 -13.661461 -4.801958 -18.548465 -7.872243 -16.799889 -14.371681 -8.850115 -9.384198 -11.602931 -7.200396 -11.974990 -8.187316 -6.789131 -4.638105 -4.074159 -11.114478 -18.584395 -5.008666 -13.810928 -13.620433 -12.764563 -13.312374 -1.981111 -2.949215 -3.309123 -11.274128 -16.865420 -10.343074 -14.848648 -3.258109 -17.531680 -5.953982 -2.955035 -1.969693 
-8.284933 -7.813361 -4.234894 -2.514792 -2.791253 -5.011890 -2.831356 -6.568339 -11.834215 -4.412679 -9.224853 -10.152231 -5.942933 -7.200396 -16.339099 -8.589723 -17.207825 -3.808019 -3.517197 -11.074156 -18.249944 -14.642038 -2.472547 -10.251029 -6.344807 -8.547034 -18.430662 -17.962372 -15.131110 -3.138273 -9.763640 -17.471090 -11.009588 -13.277659 -19.885932 
-8.141962 -8.082308 -19.684047 -17.339478 -4.916835 -5.011043 -15.196769 -12.952880 -15.546814 -4.326874 -9.913385 -9.752969 -16.307720 -7.337862 -9.887749 -7.655404 -10.395714 -3.122635 -3.866428 -10.133150 -18.780893 -14.089073 -9.673312 -11.432827 -6.782776 -5.236564 
-7.003163 -17.242972 -8.613125 -4.418493 -15.051666 -11.120874 -4.391534 -14.009546 -3.020654 -13.951730 -8.302326 -16.337489 -2.556073 -7.090405 -14.529548 -7.739872 -3.963953 -5.719138 -5.400859 -10.192384 -12.161346 -2.956005 -7.381350 -11.599690 -20.581983 -9.710126 -3.844665 -6.910183 -13.090670 -6.509478 -4.484623 -18.001601 -4.260178 -19.814534 -16.965789 -4.909408 -4.876979 -16.129168 -2.516992 -19.255329 -7.822055 -5.713624 -4.448096 -14.310575 -3.510268 
-12.924428 -4.043354 -3.521852 -5.154276 -6.968922 -2.321983 -14.998907 -5.169393 -4.374156 -14.883677 -8.683449 -18.702147 -15.101122 -7.092864 -2.746438 -7.404820 -6.718833 -18.834127 -13.551804 -10.480135 -4.047332 -6.436662 -18.474605 -9.792391 -12.322256 -8.823119 -2.474195 -16.939490 -12.965386 -7.739052 
-14.784973 -14.082658 -7.352796 -12.776781 -7.140318 -6.640228 -5.781792 -19.552100 -6.244480 -12.556675 -8.590347 -11.341526 -16.661814 -17.005387 -9.338849 -8.766070 -13.045909 -1.837583 -8.466664 -10.207576 
-12.290516 -11.664957 -14.594504 -20.071309 -6.758910 -6.115581 -5.124929 -20.270908 -2.354226 -12.113754 -8.593715 -14.262970 -10.148144 -2.766963 -9.190999 -7.790610 -12.127709 -7.419495 -16.150964 -10.255603 -5.655982 -5.770644 -7.227502 -16.771825 -6.985536 -12.943893 -18.064131 -3.296677 -7.416123 -13.482063 -9.098051 -7.835486 -6.594464 -3.599445 -13.969965 -2.591382 -6.011607 -4.700158 -10.938573 -5.263739 -10.967476 
-5.739836 -15.131589 -9.379908 -1.749447 -7.405440 -6.236593 -5.172976 -19.312110 -14.814031 -12.515621 -8.593715 -11.898960 -5.219324 -11.175688 -9.178788 -17.577271 -16.184905 -7.475076 -11.493755 -10.251631 -12.240772 -5.589424 -17.018493 -5.634153 -6.457954 -10.269160 -17.078542 -1.746999 -6.435284 -2.007087 -2.994232 -19.656968 
-3.892930 -5.566490 -9.360907 -9.267917 -7.327121 -6.413769 -15.569250 -11.898938 -6.972641 -7.944240 -8.807358 -6.013609 -10.083937 -5.690283 -9.234843 -9.229959 -7.510797 -3.387053 -4.496301 -10.193281 -5.783560 -16.951633 -7.116962 -14.739945 -7.089080 -18.899412 
-10.974740 -5.638011 -5.916805 -9.659723 -7.106814 -6.482532 -6.145712 -13.712119 -9.776149 -7.428779 -8.642480 -6.544658 -13.912613 -10.114548 -9.243556 -17.025371 -20.037872 -8.138734 -14.061992 -10.469664 -3.853485 -13.946608 -5.426801 -17.147770 -11.615317 -16.914393 -15.051422 -6.864614 -10.682611 -10.961200 -14.353157 -2.220755 -16.846630 -11.342197 
-10.499566 -5.705573 -17.205435 -3.825126 -6.748179 -6.528433 -15.374035 -16.802142 -7.902265 -7.337793 -8.565445 -9.569027 -1.949062 -18.441379 -19.787538 -16.964953 -10.728580 -20.098071 -7.302406 -17.182024 -12.767248 -13.837915 -17.183196 -13.605271 -6.360490 -11.606602 -5.581961 -14.372456 -13.303696 -19.457884 -5.572377 -4.126125 -11.708966 -3.210626 -13.759265 -16.397141 -6.530265 -10.090159 
-10.542561 -5.798384 -11.557746 -10.239589 -7.155944 -6.144214 -2.848527 -13.554413 -2.699010 -7.388653 -9.005869 -9.337974 -8.546638 -2.586979 -7.214993 -6.742320 -9.395330 -7.838993 -2.615914 -20.128457 -3.954613 -16.499847 -19.142501 -12.160463 -16.346180 -3.830426 -8.499854 -16.529006 -19.153019 -4.392847 
-10.866190 -5.458396 -3.822511 -11.111037 -7.203732 -6.236023 -19.486965 -7.288567 -6.019713 -4.101112 -9.007951 -9.615811 -8.916139 -20.231228 -16.002525 -14.510443 -4.728993 -12.897257 -7.314687 -16.651757 -13.438523 -9.512258 -13.706767 -11.548952 -12.453654 -19.747377 -15.145801 -18.393686 
-10.417454 -12.301791 -13.589056 -2.326792 -7.052902 -6.024075 -13.380896 -5.664499 -4.911227 -4.491479 -15.494997 -9.774062 -1.792042 -3.062020 -8.462819 -9.122320 -2.654384 -7.373069 -16.888554 -13.062892 -14.151524 -5.306072 -4.106257 -6.835433 -17.957275 -18.037635 -3.180751 -10.120455 -8.780520 
-10.065001 -16.461265 -5.923366 -5.326628 -7.616022 -17.529471 -13.894998 -10.067842 -9.703775 -11.493175 -12.585876 -9.391595 -16.817937 -3.615977 -9.225492 -15.538464 -5.116709 -7.492084 -10.946763 -20.372997 -16.435470 -3.982485 -9.772056 -10.710862 -16.759402 -10.310632 -5.039171 -19.889052 -10.157193 -17.650360 -8.745919 -10.280233 -11.847136 -6.497566 -15.998463 -11.609168 -14.553245 -7.907621 -1.958103 
-11.020384 -2.335384 -15.987372 -2.777523 -7.912132 -7.448357 -10.825289 -4.848211 -18.090954 -10.877665 -14.674922 -9.322044 -15.876939 -8.915599 -6.821770 -13.519904 -2.414956 -19.113616 -4.028593 -10.384877 -9.377685 -4.879296 -3.564031 -14.994023 -2.360757 -12.858652 -10.415013 -12.438151 -11.134738 -9.053188 
-5.315113 -19.413715 -1.777098 -10.186997 -17.203698 -14.444746 -7.738986 -19.889500 -9.921592 -15.171761 -11.387104 -14.514739 -13.597460 -11.000644 -4.758726 -13.969357 -2.256839 -8.033745 -3.834902 -9.873712 -10.299515 -12.662289 -3.149151 -7.075112 -10.684553 -2.335541 -10.388461 -12.136716 -15.428061 -9.548598 -15.545931 -18.388137 -19.543370 -3.078841 -16.149638 -10.154339 -17.466326 -8.401083 -14.704945 -14.651859 -16.125146 -1.857093 -15.166556 -15.394190 -19.866070 -15.412569 -11.015164 
-16.611540 -12.808917 -2.917635 -13.141867 -13.530990 -17.107266 -7.937961 -14.914078 -9.949620 -7.337127 -16.567482 -13.462157 -15.422491 -17.933035 -3.092659 -12.543825 -3.368261 -7.885461 -3.014752 -10.252689 -2.772850 -11.756764 -3.155169 -13.688802 -2.001129 -2.973426 -14.451283 -14.726988 -15.580583 -9.427235 -2.192437 -3.240534 -11.876931 -18.229671 -3.158338 -10.395323 -4.029653 -14.246662 -11.972880 -17.447039 -16.486845 -16.122088 -11.454110 -13.443833 -15.341420 -15.800527 -3.204540 -12.606504 -6.173740 
-11.108188 -5.638118 -14.222643 -12.503146 -13.514178 -16.125127 -7.874134 -10.672345 -10.120906 -9.536806 -8.279506 -4.760876 -16.194023 -7.673807 -5.574862 -2.648338 -6.184070 -7.653503 -9.602600 -5.136082 -11.836161 -1.904537 -6.834165 -5.976576 -4.507583 -6.727544 -3.234397 -16.795891 -15.834937 
-18.051443 -1.932444 -6.390923 -14.151354 -12.544674 -9.298751 -7.340272 -10.962847 -19.674075 -9.836734 -8.984906 -14.134096 -4.094090 -8.467372 -1.829269 -18.725733 -11.620459 -6.115659 -16.827255 -9.978712 -11.535994 -13.300524 -19.321238 -1.777307 -16.707895 -9.473258 
