-0.353678  0.725232
-0.258767  0.805095
-0.259068  1.138061
-0.170534  0.628375
-0.204559  0.958231
-0.384857  1.144430
-0.272747  0.536031
-0.404858  1.243552
-0.397600  0.916161
-0.415866  0.723767
-0.402486  0.557535
-0.255569  0.921484
-0.273620  0.911529
-0.216965  0.810369
-0.213995  0.682775
-0.242314  0.856364
-0.252166  0.764348
-0.124313  1.086256
-0.240270  0.709191
-0.359802  1.139350
-0.409109  0.743911
-0.306026  1.350273
-0.288496  0.701670
-0.127502  0.718527
 0.024627  1.673826
 0.020808  0.443429
-0.126132  0.827082
-0.003724  1.277822
 0.008642  0.965924
 0.083717  1.110472
 0.379584  0.650697
 0.179499  1.557411
 0.236852  1.254766
 0.138125  0.654888
 0.120030  1.654338
-0.064172  1.080971
 0.255479  0.940021
 0.123625  0.698421
-0.037741  1.053244
-0.133622  1.804342
-0.029260  0.816755
 0.048688  0.876274
 0.077574  1.771473
 0.080045  0.915743
 0.097656  0.735170
-0.209405  1.638753
-0.205762  1.080698
-0.245732  0.854915
-0.108104  0.937198
-0.207880  0.765529
-0.306396  0.717694
-0.391263  0.919715
-0.261627  0.759181
-0.106663  1.175283
-0.222383  0.601683
-0.181876  0.751163
-0.091876  0.684076
-0.212483  0.921378
-0.119559  0.613331
-0.350237  1.081881
-0.027212  0.561525
-0.035756  0.813263
 0.005512  1.298581
-0.086897  0.656474
-0.044137  0.709975
 0.061607  1.102471
 0.445550  1.093805
 0.251301  0.873766
-0.030470  1.684884
 0.058963  0.687104
 0.033340  0.826568
-0.006786  1.617780
 0.087316  0.707995
-0.015774  1.173737
 0.019231  0.563754
 0.019003  1.115462
 0.057554  1.083899
-0.004081  1.132727
-0.051639  0.871849
 0.022995  0.889109
 0.022402  0.631524
 0.085375  1.062853
-0.188043  1.122069
-0.341045  0.728102
-0.443397  1.311110
-0.261766  1.286367
-0.213344  0.752859
-0.419968  1.180794
-0.143091  0.938355
-0.026081  0.704506
-0.061707  0.726658
-0.122178  0.734434
 0.015505  2.107666
-0.010537  0.800645
 0.009748  1.052433
-0.087275  0.811042
-0.238842  1.370313
-0.227033  1.114331
-0.015016  0.532265
