38.433450 39.274367 34.459106 39.156408 38.420147 39.811613 35.156129 36.384797 32.145057 39.315322 36.680604 38.677987 35.482542 38.533607 38.122673 35.091239 40.182390 39.102918 37.086377 34.886987 32.275171 36.737255 33.875445 36.581535 
38.912265 33.204532 34.180780 39.534930 34.682171 36.680143 35.472371 33.142623 34.564921 37.312675 37.104601 38.677987 37.924835 33.178006 32.175918 32.760902 33.648287 35.203091 34.689818 
39.965341 32.128798 36.219660 36.280925 38.202033 39.907131 39.535551 38.850593 34.293695 37.785113 38.442017 38.677987 39.034172 39.241747 35.080373 36.018084 34.475381 33.467260 40.145322 39.383096 37.850824 34.046284 38.622676 32.164649 38.218559 34.114033 39.825208 34.965487 32.600878 34.485193 
38.876715 32.800519 34.027924 33.673117 38.355623 37.302482 32.128325 37.431686 37.237382 35.390856 37.484821 38.677987 39.237578 38.960568 36.366278 35.107525 36.258591 33.340613 34.685090 39.208939 33.350366 38.688764 35.067975 33.718364 35.201556 36.516392 32.338003 33.991923 35.393815 
32.350305 36.814766 37.994668 37.293503 38.355623 37.436794 39.320613 32.279427 35.004524 33.681973 32.134387 38.677987 36.443879 38.656668 36.180251 39.891773 33.727324 34.630439 35.608452 34.169772 34.407721 35.453214 37.605233 32.509957 35.832698 37.136839 39.686719 
39.041068 38.095134 38.462330 36.240872 35.709541 36.159889 39.132045 38.084673 38.971963 32.252319 32.136626 38.677987 39.576770 34.576461 34.611276 37.240513 33.969622 32.135629 34.743866 34.172777 
36.901639 36.555003 33.077178 34.831846 40.255028 36.242783 32.763583 36.638571 38.971963 32.363473 36.968679 38.677987 39.104086 34.441481 36.517917 37.310840 32.998066 34.609409 34.139035 37.038595 35.312081 34.748464 33.319766 36.734516 33.352316 36.146709 36.072628 32.735631 
35.228525 37.033787 37.128648 35.294680 36.647034 33.783106 33.222305 35.676557 38.971963 39.812294 39.804138 38.677987 33.012992 37.510636 34.484941 32.260766 39.698091 32.977481 39.981034 34.674374 36.635528 34.384491 36.883476 34.152752 34.564142 32.210725 33.005139 35.509152 35.172912 36.897241 
35.517274 37.736407 39.804139 35.918295 38.186261 39.255620 40.174123 34.782412 38.384879 39.709323 33.366774 38.465042 33.265421 35.966454 33.787777 33.995525 34.225896 36.246581 36.116901 35.439875 36.339695 36.312477 35.207730 32.169163 
34.293516 35.312714 37.725106 35.744186 38.803078 38.114315 35.328543 36.716767 38.543916 38.500450 38.394370 38.601326 36.382617 32.642918 39.102824 33.329880 35.191134 37.875573 37.027629 40.475327 36.900018 35.277545 
32.422183 37.410966 35.923725 37.184523 39.432277 38.447535 35.850916 38.024515 35.537194 39.450484 36.804526 38.724787 33.758776 38.731510 32.885335 32.614295 34.349696 32.331445 35.807656 37.781765 37.584419 33.961360 37.243404 35.543512 
34.761768 37.987718 36.552258 38.747387 33.307332 38.780139 35.572998 39.188141 32.610966 38.630142 39.302453 38.724787 33.410160 34.844729 37.515348 38.226582 33.668781 38.172285 36.656988 36.861311 36.218427 32.328406 38.814395 39.041698 34.339478 32.239122 34.254000 34.482132 37.307370 36.304018 36.811809 
34.407836 38.053034 36.212127 35.451310 35.822608 38.463637 35.572836 33.002614 32.884205 33.908343 32.710028 38.465255 33.916876 37.783662 33.950382 37.937477 34.678873 33.107134 37.441257 32.148363 35.653311 32.547082 35.985579 33.051676 39.414492 37.886663 35.979460 34.052138 36.610129 35.174212 32.984684 36.408632 32.576529 37.443821 35.238528 33.623727 36.206334 40.334463 38.317557 34.765234 
32.334534 33.602273 34.048836 35.980904 36.470563 37.513114 35.572836 36.449075 34.872483 37.198695 34.261152 36.981791 38.489880 38.016507 34.128544 38.181345 35.467688 34.693758 37.518743 34.966033 39.129220 34.329033 35.758522 33.665277 32.594856 34.217141 39.003619 35.075423 34.196179 34.346058 34.229217 40.102630 32.445833 36.890367 34.746764 33.283221 37.168284 
35.236067 39.025997 37.640274 39.377610 37.737182 34.549136 38.692723 39.506333 37.037547 33.431156 37.759076 33.527229 36.609425 37.439709 32.819065 32.960832 
32.864167 32.740229 38.033782 32.872219 38.936048 37.247817 36.503363 38.277382 35.397995 35.002182 37.373942 36.039598 35.869710 37.439709 33.786700 34.761077 36.192728 38.462908 38.551869 39.891686 37.334561 32.968474 33.119926 35.934320 
34.859783 34.871528 38.245555 39.439137 34.425338 37.987556 34.024952 39.677443 32.154238 34.495958 37.907777 38.999700 34.674264 37.168497 34.757511 36.692622 36.232706 33.333780 
36.968152 35.308018 38.245555 38.976383 36.739965 37.227257 36.536760 39.870058 35.778148 34.046650 34.896456 36.011361 33.996108 
34.570620 33.168746 39.286909 38.941743 37.446122 32.851325 37.684261 37.330783 39.418599 37.173605 32.344398 36.020274 38.176510 34.845937 32.855915 38.712596 39.295130 32.416804 33.204765 34.820297 32.850119 36.689781 
34.257024 32.572978 37.585978 38.941743 37.393701 33.743799 35.675413 35.010991 35.809804 37.541223 36.174668 32.825761 34.636666 36.358288 32.735248 32.193292 
36.668895 33.175506 34.504726 38.941743 37.393701 34.761316 41.032419 35.996430 34.936924 32.183605 36.490713 37.388217 32.332145 36.283161 33.809777 36.385046 36.454694 33.067463 40.077142 38.748806 34.324998 33.351990 37.502851 37.618904 32.547817 36.650530 35.187819 34.827681 33.508951 
32.249394 35.758888 33.445732 38.941743 37.393701 33.805623 38.031384 32.831669 36.965030 33.935346 33.145430 34.246023 34.565379 33.619105 40.048920 33.925831 33.582645 39.482687 
34.731548 32.749647 39.125543 38.965298 37.775812 33.066261 39.360068 37.979011 35.601053 38.402474 39.413204 36.800001 33.577035 36.859446 36.317679 36.126183 35.100696 33.875674 36.950848 35.526803 
32.835882 40.045499 39.824358 38.965298 37.775812 34.237448 38.949483 32.746777 36.675004 38.098343 38.134071 36.337107 37.090881 33.668654 35.467572 34.453656 35.850026 37.684247 34.144888 33.261976 32.446297 33.802719 33.827314 40.359817 33.474485 35.442742 33.546370 32.550404 34.603065 
38.674808 34.697744 36.783494 38.965298 37.775812 34.403608 38.802953 36.360335 32.695727 37.098947 39.067150 35.940316 33.582532 32.487563 33.375801 36.358895 34.483914 36.578708 37.865118 39.299753 36.854721 34.806485 35.265045 36.609009 34.322326 36.147342 34.387271 36.379141 33.687082 
35.009158 36.700738 37.987494 38.965298 37.775812 33.161400 39.860751 35.007556 32.868199 35.125890 36.680731 37.538596 33.816402 34.592599 39.701744 36.648544 37.051431 39.144869 35.488599 33.988920 32.788280 38.628959 32.856777 36.347204 35.192439 38.920367 32.909234 33.183628 34.564037 34.236975 40.311583 35.957508 
35.128507 38.628701 37.318050 38.965298 37.775812 37.477138 34.571902 35.820249 33.181071 37.394392 35.185523 32.613221 34.393263 38.270584 32.815293 37.073927 35.402724 33.869223 37.792556 38.292578 36.201949 37.530727 37.643324 35.105527 
38.177051 38.701481 33.456119 38.965298 37.775812 34.187189 38.144995 35.235412 33.861459 36.989250 35.540690 35.959866 33.486708 36.901020 35.231891 33.381736 36.876031 34.759191 36.028053 35.606981 32.506658 33.359762 37.787701 33.696854 36.730584 36.010948 
40.185695 39.077050 33.621386 38.965298 37.775812 34.968525 33.159992 36.947020 33.487936 32.197818 38.512821 36.262579 34.564662 38.567533 34.957396 34.487369 36.661832 34.039827 34.456410 37.751637 35.915181 35.777667 32.567026 35.521354 32.736464 37.033276 37.257026 
36.715974 32.641948 35.437983 39.475917 36.942667 36.823300 32.351863 33.246780 39.530898 37.143742 37.418283 35.544421 39.223463 33.963459 36.711609 37.495240 36.381097 39.964214 35.364609 40.788163 34.256309 38.509142 33.460347 36.728199 34.686283 34.417214 35.344859 38.601072 35.133498 
35.446529 34.604204 35.504090 38.622230 36.855349 34.598832 33.672774 32.944453 37.985212 38.602532 32.264984 35.720265 40.428832 33.811679 36.420181 37.495240 36.765433 37.680391 33.151727 33.629598 32.193765 34.523060 35.711812 36.394765 34.333701 32.342589 33.751366 40.113711 33.238115 36.789625 38.887904 32.433417 40.528884 36.790373 37.010131 36.397933 33.058843 34.138759 32.193416 33.884824 39.890520 35.911257 36.608589 35.286304 36.392804 36.749434 38.993749 
35.478564 35.635783 35.685225 39.242603 36.855349 36.536608 38.393139 39.131064 32.973842 33.196718 36.478708 32.402979 35.311175 40.087314 33.538211 37.631862 35.508734 36.075375 33.340225 39.332363 34.995639 33.343205 36.960276 34.236934 38.772226 39.530342 34.865309 38.798657 34.273417 35.795150 
35.688765 32.448125 34.832342 33.028755 36.890235 34.566014 35.981860 36.345904 40.188148 34.396652 34.352275 35.116935 39.237759 36.966457 33.348908 37.295307 40.369601 32.201211 35.546812 33.501178 40.093570 36.747185 36.410536 36.718594 38.090580 34.648451 34.641274 34.681371 
35.234450 37.336079 35.607152 33.373317 37.278067 37.558908 32.278705 38.147465 35.593950 38.100042 35.677858 36.582475 39.237759 38.220265 35.443733 35.325495 40.282000 32.631346 34.488895 37.619639 36.749173 36.371559 32.850240 35.186461 34.808365 38.138306 40.253627 32.190272 38.356019 34.232281 
35.388068 35.537394 33.721202 36.136115 37.653212 37.202699 36.773001 36.726930 35.826962 35.907068 35.607610 37.579549 38.826252 38.581731 37.123797 37.966704 37.733891 34.559347 36.110285 34.320564 33.597549 33.546934 40.369898 34.527276 35.154810 
35.457500 39.361693 39.652561 34.742057 32.705494 33.249768 35.809653 33.117872 34.494479 33.003312 34.987462 34.239764 39.207715 36.777712 36.379584 38.722075 38.521245 32.248854 34.718903 35.222829 32.413840 38.011717 33.295140 37.216333 37.115905 36.928697 
35.033192 32.597503 32.916576 34.096474 35.100727 37.354955 38.414607 34.000795 36.902972 32.843569 34.289989 36.342992 39.207715 40.053742 38.021882 32.799767 33.435656 33.805683 37.648826 33.300329 37.441101 33.635370 33.208748 
35.008567 33.043294 37.838916 38.780049 33.019103 36.932901 36.012304 32.788082 36.902972 34.062373 35.474524 35.668658 38.857781 37.608314 36.942510 38.597082 36.738640 40.328554 32.593694 33.547837 34.503712 32.521440 33.734281 33.756265 39.138957 32.161851 
35.163820 34.314887 33.199745 33.514942 32.796837 37.269147 38.425333 34.044620 36.902972 33.587145 36.716151 34.441445 38.857781 37.076245 33.530449 40.727466 33.215564 36.094603 32.481672 37.898230 38.847289 32.262083 33.192020 34.099528 
35.342598 35.483545 35.343734 37.645347 39.247166 33.987864 32.454169 36.541668 37.503796 40.388508 39.802180 32.992030 38.769137 37.618446 33.277523 34.792223 37.820685 32.946091 36.375608 37.194487 
36.527199 33.062863 35.792964 39.109207 35.783098 39.491816 32.775502 32.426155 37.191043 36.419178 40.254457 35.559073 38.806918 36.729839 33.936602 36.246251 33.461012 36.480448 33.539225 32.897027 
35.354830 33.858307 35.203395 32.909776 36.513968 36.571824 36.487950 37.840563 37.857109 39.507886 35.401811 33.106604 39.032372 37.009746 34.576134 33.628852 37.492915 34.446542 35.322275 38.145606 38.513750 36.867840 33.803059 38.193104 35.007407 39.944974 35.012876 32.277656 33.533308 35.058662 33.736680 33.492717 38.252055 
35.909335 35.265611 32.665922 39.634617 38.332253 34.119853 34.548669 34.619130 33.457105 37.766002 37.450610 33.380409 39.108321 33.101710 36.614770 36.919039 36.494676 35.170000 35.293793 35.473943 37.514909 36.352895 32.571275 36.636229 33.809737 
35.957985 33.060661 32.444893 39.787778 32.479641 32.692740 34.727738 37.744064 33.429363 36.372978 36.294264 34.043573 39.108321 34.861226 37.008983 38.610748 33.481015 39.519969 35.499147 40.369845 32.218877 32.955423 34.749174 35.384276 34.473195 
39.156328 36.249766 35.789009 36.373874 34.306344 34.082500 32.870400 34.161578 35.130848 32.791565 32.703672 35.089654 39.108321 34.382046 37.318997 36.036126 34.102175 38.379853 32.502153 35.944831 34.065113 33.655919 38.532886 40.565868 38.818319 39.580235 33.506062 34.910069 40.312394 32.438191 
37.318997 34.064029 34.033656 33.026351 34.048516 38.088585 37.980117 34.457932 33.390343 33.155694 37.438794 35.350080 39.108321 32.390423 33.324276 38.664488 32.948671 34.919339 33.942907 36.864065 33.472724 
37.318997 34.216414 32.138038 36.757733 34.356314 33.578441 36.644487 37.330634 36.960632 37.575634 35.406108 36.067979 38.797961 33.333480 
37.318997 38.014066 34.178411 38.797961 34.793575 34.031001 32.146218 37.170524 32.754266 34.002718 32.508332 37.303225 39.510005 39.682591 38.041597 37.303091 34.230495 32.477172 35.533835 34.258579 
37.318997 35.672335 32.688620 38.797961 37.566217 36.283069 32.702890 37.485503 35.372463 33.195088 34.404378 32.305672 37.132507 37.940361 35.922984 37.699300 36.121427 33.378212 32.850000 39.668878 34.436617 
37.482838 34.956714 37.255773 38.955087 40.539215 36.419358 35.357508 34.300667 36.298208 37.254491 35.626763 36.470480 
37.482838 35.345801 33.243076 38.955087 38.984567 37.382147 33.327658 33.900906 38.661451 36.008648 33.432757 37.380876 38.926148 34.169543 35.792940 35.780164 
37.482838 35.360054 40.242655 38.955087 38.270067 32.925532 34.313819 36.386255 36.665191 34.180396 32.718439 34.228928 36.164067 38.248404 32.940984 35.609265 36.551189 36.121458 39.087646 33.070390 36.069784 38.378448 37.982218 38.195243 32.200023 35.631985 35.875887 34.443308 32.195197 35.786448 38.581007 36.561385 34.824270 39.816418 
37.482838 35.552814 36.138355 39.047316 33.551462 33.523062 37.022993 36.194674 35.556773 32.374843 35.961343 35.035311 36.227054 38.127407 33.101975 39.967669 37.098580 33.872015 41.217030 38.606007 39.643538 38.416368 35.234180 38.003949 34.743817 39.582225 38.888130 37.166651 38.234762 36.146538 32.364268 
37.482838 35.643046 36.902818 39.047316 37.924562 33.730362 38.441589 37.991378 36.567138 34.938264 33.430614 33.490580 37.082120 34.843955 38.776226 37.717492 39.328643 35.504513 34.973895 38.567647 38.900618 36.056690 36.562234 33.722438 33.503618 38.308375 37.915583 38.799672 33.640067 34.756115 
37.482838 35.651237 34.380418 39.047316 37.353023 39.605233 39.700460 35.781479 36.770856 32.644408 36.223475 34.179231 36.945520 34.580638 36.573863 34.173815 34.089253 33.807994 40.530661 40.325232 35.719984 34.767291 34.357100 37.797733 35.080817 33.104886 35.812175 
37.482838 35.401634 38.348681 39.047316 38.989881 37.066794 32.994137 36.388463 34.874685 35.024661 34.987863 33.350673 38.093776 40.933900 39.573542 35.522944 33.984665 38.703791 38.116772 32.628023 39.689742 35.732026 32.825074 33.988036 34.863883 37.991052 33.124886 32.195469 33.670663 33.977027 36.602740 37.199575 33.288117 37.250453 
33.152768 35.437943 33.544417 39.047316 33.913004 34.037423 34.009860 33.253257 37.173780 33.714190 33.781513 39.490153 33.179335 32.586796 34.193476 38.257162 36.966210 40.009702 34.555197 33.743521 35.622629 36.513263 33.699224 35.477351 
32.360679 34.537710 35.829066 39.047316 33.915451 35.075304 36.832477 35.478092 37.236102 39.694223 36.098773 36.443192 36.689676 37.392791 40.202607 35.262812 32.607408 37.585303 35.076606 
34.797468 33.517237 35.103797 38.517052 39.917499 32.374594 34.178781 36.444917 37.236102 36.833855 37.191778 32.154546 34.143806 40.386253 38.130117 32.798434 32.495130 36.818881 37.276402 37.141015 37.259116 37.969535 36.057956 34.801322 
36.072909 36.437901 38.021439 39.234721 33.416155 38.222315 34.534137 34.354220 37.236102 34.476787 36.832325 33.740425 36.290228 32.707011 
34.778871 36.345749 38.037838 39.320969 34.115045 39.631716 36.786527 35.919623 32.321663 34.765733 34.281796 33.173652 32.449354 34.633460 32.224452 35.541986 33.907084 39.578389 33.057706 35.959551 36.182386 34.308324 
36.117157 38.213409 39.188776 39.320969 32.670855 32.712440 36.786527 32.287593 33.482691 38.860919 38.407980 40.284623 35.082625 39.458110 
32.430290 37.031175 32.715369 39.320969 32.357319 34.057272 36.786527 33.751613 34.217641 34.252228 33.230699 32.377798 32.834751 35.369449 38.565231 33.841100 35.389222 38.744553 39.690916 33.853443 33.789734 38.037644 
33.431906 39.923345 33.784072 39.320969 32.130767 34.649425 36.794921 35.361077 32.988055 35.388118 34.748989 32.150155 34.845337 35.875650 32.425858 34.607973 34.605832 34.663947 32.779833 39.313459 
34.680759 37.857225 38.944498 39.320969 35.027072 34.857642 36.794921 36.017456 35.840056 34.445106 37.705493 33.278372 33.364856 32.230385 35.665263 32.783883 35.204600 38.443975 36.291601 36.305325 
32.540365 36.942818 33.364533 38.723529 35.288970 34.478608 37.884452 39.130080 32.777493 32.996803 37.259862 
32.234826 35.016847 37.927463 38.723529 34.481709 34.471362 37.884452 36.565883 34.737621 40.319358 36.524114 
33.602634 39.111148 38.783352 38.732968 34.757812 34.500670 37.367105 35.063282 35.784928 33.437128 32.204059 37.092828 33.033142 
33.078075 33.233736 39.779767 38.732968 40.154297 35.896421 37.505873 32.591228 36.133320 32.947779 33.762682 32.257560 34.155780 36.437652 35.652091 36.136621 33.296785 32.809230 34.041658 38.028799 33.151253 34.185954 35.708926 34.186979 
35.299978 35.685850 37.987940 38.732968 34.473171 35.095014 37.008313 37.470542 34.653320 39.144792 33.864919 36.627901 34.877058 34.107867 32.148105 34.896854 38.234043 33.055151 35.017210 32.761100 34.203061 32.780194 33.475349 
38.703126 39.105060 32.823797 38.979953 33.708323 38.391703 37.008313 32.768810 37.680576 40.696937 32.329839 33.919179 37.805187 32.592016 40.223029 37.468832 34.675928 34.962368 38.592678 33.449835 38.553237 36.663524 35.157956 34.505677 38.119954 34.164622 38.433335 36.135189 35.722817 
36.655972 33.969535 33.787519 38.979953 36.133162 36.482536 35.561034 32.900045 32.944727 37.144325 36.798994 33.229374 37.549134 39.739774 34.834442 32.652048 36.587176 34.945217 33.672946 
37.750889 35.555960 36.248131 38.979953 36.263421 35.632276 39.936703 35.154388 33.125858 32.649995 37.888369 34.324333 37.549134 37.621685 35.646611 38.696472 33.319145 35.267755 33.940982 32.469465 38.924143 37.515112 34.800515 32.941329 33.009062 34.605262 34.380182 34.807867 35.984731 
40.213568 34.715234 37.064151 38.979953 35.050145 36.874400 37.549134 34.025268 39.380976 36.137473 32.329735 37.747185 35.832072 36.102657 34.796120 32.830022 32.868101 34.543435 33.024180 34.045272 34.078427 36.377271 32.911509 32.199771 
36.036798 36.963682 36.710089 38.979953 35.570482 36.825339 37.549134 39.117900 32.567101 39.041491 37.115093 35.425726 35.223378 35.011537 38.535984 33.380279 33.125156 
39.315159 34.920467 33.970246 38.979953 36.573083 36.825339 37.549134 32.539984 34.990733 35.654424 34.015346 36.618395 32.504982 32.756410 38.979680 39.101162 32.376130 32.896010 39.258611 32.864470 37.441168 32.823061 37.797529 35.009371 33.810063 32.609363 
36.265823 37.235317 36.054203 38.979953 34.627301 36.317500 37.549134 32.341277 33.101060 33.829926 35.943251 32.135960 37.432966 38.781830 33.033657 38.384747 37.323830 35.289280 33.660856 34.772779 36.405735 40.403939 33.493587 34.271427 33.116019 38.527182 37.563803 39.836048 
35.677967 32.214690 38.212263 38.979953 36.512361 33.951631 37.549134 36.046408 34.780143 39.515848 34.456779 38.438894 33.728484 32.258305 36.277157 36.614375 32.987494 37.116301 34.492397 32.495752 35.441417 39.502397 38.672791 34.064954 33.516813 34.824819 35.894725 32.977105 
34.969589 32.894057 36.374332 38.979953 33.770257 32.488714 37.506364 39.852667 35.302011 39.671922 39.146048 38.241826 33.738715 37.666767 34.792559 37.278134 32.565854 37.339376 33.988140 36.854232 32.640919 
39.033966 36.455097 34.280263 38.979953 34.150580 38.048176 37.506364 32.597184 34.805700 36.567854 35.710389 38.622753 33.927884 35.332543 38.241421 35.684781 32.179615 33.453434 35.537446 37.348760 37.295990 39.315700 32.588927 39.161259 38.929712 37.146025 33.479374 36.114293 36.107363 37.075257 
35.640145 33.803668 34.242844 38.979953 37.418915 34.639444 35.797590 32.681851 34.325261 35.096588 37.852446 36.679162 33.989776 37.606221 37.438087 33.432161 39.546408 34.515060 34.593907 
37.438087 37.889011 37.217352 38.979953 35.042244 39.889252 35.139391 35.637861 34.178856 33.137105 32.469110 37.466680 33.620197 33.130239 33.907835 32.275130 39.212298 35.216949 39.359898 39.967756 35.740974 36.533316 34.617097 39.878775 36.795525 35.011135 32.892636 
37.819201 38.273813 37.257934 38.979953 35.002239 37.569696 36.528213 35.028054 34.445682 36.843485 34.246666 33.942398 35.041633 34.502423 40.004449 36.217397 32.891602 33.157627 35.373455 36.002763 32.994207 35.027266 34.086834 
37.819201 36.664477 37.166849 38.192843 35.154745 39.737835 34.838481 32.998099 41.045625 33.449500 39.998408 38.412950 32.890621 38.547892 38.660336 34.043567 39.043256 33.494698 34.510073 33.733972 34.856915 33.051953 35.702617 35.380880 38.163319 35.425516 37.057050 37.305478 41.072624 36.555457 34.931170 35.283848 36.129673 35.713720 
34.261274 35.793829 34.092743 38.874412 33.796614 37.327768 34.944119 36.617740 36.834482 38.192372 35.795975 40.105194 37.097395 39.799649 38.899597 33.033584 32.430616 36.745478 36.180219 34.972207 34.004413 
33.874477 36.088760 37.393084 39.273189 34.886690 33.291775 33.595030 34.419023 32.925984 39.859214 32.374113 37.922792 37.002041 35.085182 40.079288 36.180638 36.378489 34.609215 32.798429 33.901789 32.338950 35.723103 36.907648 32.482317 35.428078 35.738962 
36.338352 35.273080 37.027309 39.273189 32.600958 34.424363 32.311656 35.070463 35.229195 37.191735 40.235674 32.210411 37.133875 34.638262 32.916606 37.696842 34.190596 34.316808 36.179277 34.921165 38.808035 34.300106 35.232755 
32.315486 39.172867 37.027309 39.273189 38.975487 36.275444 32.949686 37.606212 35.007955 38.708502 35.083793 32.257739 33.361712 37.281845 33.383818 32.331200 33.667556 33.698784 36.599546 
34.610153 36.252264 36.860764 39.273189 37.382383 40.615382 32.915366 37.140589 35.519482 33.412517 37.095941 32.444088 36.805202 35.826631 37.353579 34.338509 32.658335 33.871601 39.493151 34.174771 33.217549 32.540971 
36.336407 36.193783 36.860764 39.273189 35.610676 40.499441 33.427874 37.374255 36.143589 33.075900 35.565243 35.617300 36.079338 36.675332 33.387598 32.184057 34.983209 39.659556 39.231543 35.602589 38.763512 36.139477 34.249493 34.103814 39.940427 33.542372 36.191629 
35.026578 34.728023 37.708339 38.931398 34.423966 33.733653 39.284613 38.620263 32.936648 36.461398 34.420349 35.855816 33.365402 38.555438 35.897084 37.457733 36.346872 37.644040 36.300677 37.379252 33.418560 34.239104 38.564878 33.610228 36.375029 37.178511 34.820117 
35.264994 38.357919 37.635301 37.995626 34.537743 35.946278 39.596324 32.385743 35.720268 38.761185 33.420713 35.370330 32.940210 38.974139 36.676536 39.121252 36.303157 36.757294 35.196906 38.924234 34.349484 35.976472 39.327017 32.202573 34.002716 38.454074 32.615948 38.735088 36.052600 38.596409 37.790407 32.297959 34.772574 39.008481 33.714752 
36.363436 40.475387 37.635301 32.588820 36.941211 33.123380 32.546883 38.884022 37.984944 36.392644 37.807812 34.682921 32.964116 38.213851 34.048850 39.591990 35.193144 35.056936 37.131702 35.994758 35.400150 34.685988 36.866887 40.373077 36.146713 34.916005 33.643715 
37.571301 35.903182 37.910622 40.074870 37.698054 34.350829 36.102299 38.576819 34.930065 35.475345 35.617096 34.081344 
35.369847 37.362576 37.604074 39.399350 32.976901 34.521277 37.520742 39.005221 39.118435 35.500047 32.952886 35.213155 39.568265 33.906937 36.374688 35.586955 40.575180 32.431340 39.870116 
35.404424 36.619463 37.295951 38.334122 35.081295 35.074294 34.670717 38.510577 37.498288 36.569019 37.481603 32.277211 35.862007 33.151124 37.064711 35.582775 33.767859 
33.221380 35.869882 37.295951 33.260823 34.731072 38.584096 37.765489 39.283486 32.591851 40.240028 36.537907 37.373615 35.823173 37.508151 
35.851675 37.220180 37.399197 35.784918 32.857647 37.224161 33.073547 39.283486 34.971492 36.996130 33.684207 36.147829 40.477388 39.443322 36.063542 33.163820 35.262490 38.916991 35.081725 34.515599 35.258242 35.113320 37.206718 36.111086 35.096114 39.347477 32.925793 
36.204373 39.914661 37.789655 35.620317 36.264877 36.415754 39.468255 39.283486 39.352461 35.241199 34.715206 34.770750 33.517337 33.363094 34.861520 32.622607 38.339361 32.413765 33.265596 35.765759 
