1.184244 0.029139 0.395875 0.081530 17.510827 0.018990 0.057147 0.075277 0.034638 1.994168 0.759710 1.128647 0.237884 1.040730 0.061017 0.035159 0.532841 0.095099 1.838763 1.126600 0.019122 24.135215 3.921706 0.679648 4.115517 6.048214 16.623404 0.047364 0.196651 0.330378 
0.537351 0.098134 0.270393 0.018237 2.426642 0.038625 0.171838 3.390882 3.441977 10.621075 0.958674 1.455853 0.085458 3.626966 0.052245 12.883511 0.016624 0.112301 0.464502 12.374527 0.090626 40.678707 4.063107 0.543182 0.903606 2.298620 0.481712 0.024068 1.667904 0.814879 0.389894 0.520447 0.291400 14.523613 2.030152 1.543441 0.448617 0.174095 0.790829 3.034867 0.426323 0.605937 8.130845 22.936234 0.260660 0.440929 30.095776 0.194190 0.125408 9.305919 0.635920 0.511056 0.137845 0.210302 2.735640 0.077344 0.021758 0.476652 21.818943 0.240388 0.481792 0.189507 0.464098 0.029019 0.030303 0.090929 11.729460 0.594079 
0.483855 8.383417 0.061189 0.034197 1.164131 0.015186 0.050157 0.189152 0.033565 0.040356 2.853042 2.684622 1.203514 8.026599 1.379283 50.818503 0.831995 0.542603 0.022142 0.032035 0.061814 45.219503 4.760778 0.008874 1.800759 0.668770 0.377023 2.821498 
0.778932 3.105395 0.041198 0.235403 0.052490 49.263774 0.095156 0.112405 1.900345 2.939677 1.022745 1.792998 0.098735 4.790157 0.172772 10.954760 1.227008 0.866222 0.124983 9.176889 2.161547 0.398517 0.113684 1.015174 0.325925 
0.971062 1.268226 0.876565 0.073972 20.897780 42.137282 0.236328 0.152485 48.613553 4.852776 2.592552 0.015038 0.197783 0.036447 0.061428 31.003325 3.393375 0.238010 0.024985 55.061353 2.392903 0.210734 1.634048 0.119942 4.590191 0.304302 1.557908 0.083179 0.022335 2.106677 0.088267 0.674496 0.322509 0.834719 
8.684117 0.634381 1.096262 0.032784 0.080618 33.649791 0.009035 0.051141 0.007022 5.873919 0.843115 0.194936 2.867668 0.206644 0.175255 16.974029 0.033431 0.495544 0.351365 2.108942 1.558010 0.526918 2.509357 0.532428 0.054136 1.707410 39.718505 0.891919 3.239885 3.000430 0.513097 0.092366 
0.394263 1.626082 0.096328 0.697653 16.862382 32.141470 3.041899 0.500893 2.913283 0.180007 5.792775 2.791663 6.877941 5.325519 0.007490 14.187997 0.367542 0.522858 0.029648 0.247192 0.231720 0.034464 0.421898 0.503834 1.495071 1.378089 
0.067104 2.242856 0.058009 1.917404 0.011419 33.681491 0.333967 0.460024 3.185937 4.233853 12.041635 0.368633 12.503201 0.199286 0.035155 12.105388 2.233483 0.086347 0.316390 0.903294 10.413966 0.815438 0.080684 0.866823 0.648116 21.704521 
0.064249 0.144969 0.359743 0.021797 0.014267 28.199046 1.535726 1.320496 20.864456 0.004101 1.462089 7.609730 3.355108 1.164951 2.556744 10.733937 3.491120 1.719949 0.004680 5.842579 0.007277 0.017909 0.009159 2.664241 0.052839 0.475580 2.316156 0.632287 0.016718 0.153633 0.546701 9.000676 0.390641 0.046533 0.027674 0.234943 0.526091 0.038555 1.069798 
1.312220 0.215074 0.093026 0.061241 0.011634 28.253114 0.027694 0.157339 0.105153 2.154567 0.209288 1.246606 1.244701 0.957590 3.160761 23.654023 0.050181 0.031642 0.006231 3.938402 4.838641 0.125645 1.352491 3.863919 0.208148 0.351226 0.912531 0.321273 3.267644 0.223957 0.398990 0.709479 0.227700 0.280966 0.120167 0.229456 0.346463 0.079452 0.178641 0.450966 0.175854 0.178826 
0.220593 5.393356 12.640993 0.048754 10.956030 16.708670 0.298534 1.561253 2.314340 0.006913 2.554651 0.088933 0.147020 0.741103 17.140105 13.202994 0.016302 0.114130 0.154615 2.253189 1.518073 3.355105 0.263786 0.752690 0.016539 0.104919 7.318277 0.086744 0.540894 0.263827 1.230080 0.732525 0.151021 0.195868 0.062089 2.089994 1.133270 
0.895201 4.785496 1.833626 0.344173 5.421889 48.354289 0.170815 0.100741 1.740380 2.701407 0.069750 0.022799 0.148696 0.058693 0.270833 17.602334 0.251978 0.022799 0.016701 3.232883 3.753597 4.478847 5.156058 0.027208 0.178840 1.359288 0.406671 4.241330 3.028091 0.186988 0.011025 0.166996 0.135664 0.427251 
0.009382 5.493458 0.403833 1.014211 3.873098 41.339434 34.609119 1.545235 0.078276 2.059320 0.067393 0.256707 0.409139 0.581452 0.676765 21.955619 2.961176 0.425103 0.032625 0.020937 0.157381 0.531190 1.746634 0.045393 0.278383 0.575722 0.517929 
0.281295 0.030421 0.414955 6.604734 4.905692 21.287705 0.333117 0.341183 0.073380 0.907811 0.219207 0.021470 1.659351 1.187725 0.056746 11.917744 0.135497 0.359316 0.412020 0.229117 0.279712 39.872280 0.111878 0.193167 3.146999 0.251422 1.876782 3.681596 0.507543 0.229428 0.094453 1.431558 0.009951 4.226838 0.212677 0.212851 0.010508 0.527510 0.335940 0.177469 0.821177 0.214754 
0.393860 0.006774 30.589630 50.704788 3.112212 0.078083 0.036002 0.042054 0.243216 3.208149 0.381084 0.088617 0.042405 9.829851 0.187244 13.254416 0.329351 35.991562 14.596289 1.991343 0.249342 0.515795 1.455724 6.825056 3.632494 1.340559 0.448283 2.294961 0.019101 0.326559 0.936620 0.343955 0.572315 2.712053 0.288946 0.391725 0.072554 0.105503 8.087519 
0.048625 1.825826 18.028760 43.066049 3.675703 0.044648 0.195151 25.504799 0.856202 0.225597 1.881201 0.087094 0.286164 0.422007 0.043506 0.449137 0.025549 46.815580 0.327457 1.611008 0.017554 0.066833 0.534452 0.519376 1.804664 0.946034 5.206099 
1.176382 0.065528 43.778285 9.001844 3.451971 2.156941 0.026797 0.280459 1.390003 0.704838 0.638351 1.901525 0.627864 0.889787 0.047392 0.096439 1.038232 29.585367 0.135071 20.716562 0.048831 4.031285 0.323671 0.289638 0.155565 0.286504 0.947725 0.114968 1.076439 0.073649 0.251371 0.264528 0.966724 10.560198 2.103755 
0.070544 8.342876 34.747923 0.045552 21.881714 6.497367 0.160260 0.091242 45.200914 14.175821 0.688739 0.299987 1.856718 0.025629 0.751907 1.400186 0.629290 46.387445 0.027487 1.461952 0.215534 0.154727 0.446090 0.332706 0.547157 0.245790 0.037731 8.451884 8.755202 0.897428 33.035558 
0.032913 0.855121 1.047071 16.710696 0.807516 4.778269 0.247827 1.466635 6.443450 0.659438 0.751248 0.935145 0.047480 0.007527 0.386009 1.062136 0.244270 19.887315 2.970517 0.902256 0.848855 0.042594 0.012256 1.541588 0.071247 
43.403829 0.075254 0.426221 35.245675 0.052371 3.816868 0.359521 0.548036 2.282359 0.226772 0.124410 2.062605 0.821577 0.006547 4.726687 1.134280 3.579478 0.032100 5.995881 0.959828 3.935579 9.820244 0.245418 
23.031353 2.287658 0.015519 9.480219 0.647706 0.860084 0.244989 0.041313 0.480425 0.283421 0.073976 1.129747 0.088843 0.018892 14.232131 11.419229 1.481644 4.120757 10.466964 0.822557 0.148444 1.469291 0.180244 1.226008 0.227701 0.177664 0.022828 0.014455 0.746349 0.044018 0.139485 6.875957 8.220230 0.945201 0.421089 0.096095 
34.961966 0.073619 0.038243 9.349366 0.322768 0.009001 0.316224 1.946716 0.155429 0.868740 0.150743 0.965776 0.497394 0.068797 0.069074 8.066524 7.071366 3.916893 7.004205 2.054875 0.558936 3.154709 0.736870 0.088112 0.243682 0.020208 16.303335 16.434446 0.096284 1.742899 1.912878 3.786187 4.889401 0.311302 4.146839 0.176815 0.034072 0.040102 0.020311 0.316930 0.145264 
50.550289 0.296173 0.030153 8.756698 0.367887 2.072928 0.257410 6.158175 1.462279 0.518558 1.627905 0.242090 0.460610 4.255149 0.964722 0.012771 0.180290 5.153260 0.129966 0.093757 5.178414 1.096147 0.007767 0.033812 6.618293 0.347533 0.024675 4.860681 0.145197 2.304286 0.228688 7.945306 4.710746 
44.619153 0.431771 13.092747 14.502747 17.024019 0.319702 0.407838 7.799707 1.666697 0.586894 0.807928 0.098946 0.032886 1.673075 3.613173 0.310198 0.367861 4.063041 0.062714 0.737672 0.027671 0.516278 1.768557 0.445766 0.353421 0.313002 0.557028 0.264133 0.560754 0.903289 0.639430 0.398107 
96.102516 0.068763 0.651275 4.631281 0.261863 0.123936 0.066301 4.506335 7.405712 0.039253 0.092970 0.106228 2.218836 2.194412 0.125152 0.495259 0.443920 3.187045 0.084827 68.634731 7.478096 0.012655 0.055145 0.424442 98.299267 1.744456 97.404860 3.073221 0.613022 0.263174 1.779332 0.104962 0.014521 0.704146 1.304478 0.099164 0.317867 0.481210 
25.892738 0.358468 0.094612 0.219748 0.107294 0.716452 8.279187 4.988993 3.708497 0.168508 0.047663 0.515711 4.165923 3.798334 0.553232 0.319232 0.416102 4.720400 0.198100 9.838087 0.119901 1.725706 7.115861 1.547021 21.032502 0.147851 0.208670 0.864387 0.112743 7.936233 0.484898 0.598039 
0.280228 1.026499 0.568240 34.744523 0.563968 0.098460 0.013188 11.440826 0.161654 0.175761 0.046036 0.356055 20.729184 27.979727 11.786977 0.383662 0.332165 0.144764 0.802628 0.320748 1.074843 0.489163 0.743599 0.289997 0.077401 0.126353 4.388299 0.155155 3.779625 0.871985 0.065394 0.053848 22.803093 0.634220 30.018164 0.041846 0.219419 0.760228 
1.017434 0.400432 1.369802 0.904728 76.649513 0.327910 0.697700 2.863003 49.330912 0.187868 1.323603 71.154452 24.676657 19.731616 0.533715 0.034752 0.075767 0.301404 4.824379 0.044907 15.727128 25.165305 0.184421 0.561020 0.491008 0.454045 0.819229 0.621921 3.780697 0.091453 0.109894 26.548585 0.068138 1.075655 
1.433474 0.964443 0.073302 0.010997 3.328778 0.240715 0.914067 0.104004 0.549880 0.311378 10.215785 77.494970 2.301872 8.424282 75.924827 2.245416 0.020414 1.135183 4.184558 0.211738 4.840576 0.492253 2.156580 0.853451 0.079415 11.396361 0.036384 6.116173 
0.580672 1.676085 0.047238 0.161322 4.421175 0.051462 0.064000 0.345413 16.915354 11.997810 63.130283 4.072941 0.132591 34.652261 0.162958 0.742259 0.098242 3.582999 0.317229 0.073434 1.837062 1.109816 0.553191 5.248155 1.366454 0.179544 0.087630 31.484828 1.002842 
0.434443 1.601950 1.607037 0.761577 0.075365 2.430099 1.708344 0.528168 0.140562 4.165819 70.081085 4.642270 0.900864 46.036039 5.227106 0.143338 0.026819 0.362851 0.224072 0.472295 0.479232 4.118410 3.865809 33.487621 0.271397 0.359769 0.099051 1.275053 1.541396 0.159777 0.106674 7.733197 
1.116045 0.557309 1.215570 65.523169 30.644585 1.397470 0.036498 0.304142 7.060721 0.778266 109.436193 4.311202 0.082296 138.457940 16.094098 0.037140 0.467125 1.196865 0.041698 100.070317 40.003269 1.904717 0.073573 0.019497 0.312117 0.477317 0.421997 0.582161 0.026597 
0.477574 0.473808 0.653556 0.921584 13.295791 0.194344 0.018816 0.404108 0.066915 0.708688 6.576492 6.615708 0.027027 35.294322 0.118676 86.134051 10.298892 63.063988 59.204146 135.614810 0.032770 0.469391 2.690250 3.538448 1.064097 1.692590 4.888761 0.116034 
0.173439 0.436497 0.786530 0.784072 0.044755 17.658686 0.835257 0.552556 2.987831 0.017795 54.205300 1.785212 0.639549 100.714915 14.736736 0.194723 0.053467 4.063647 0.075877 4.855563 0.208858 2.400781 0.494053 0.239805 10.267622 0.248201 0.121411 0.130312 
0.257791 0.037753 0.755462 0.905287 0.044952 8.897354 7.370344 0.493197 0.328853 51.271915 68.296442 0.259963 0.704294 69.608905 15.560523 0.059306 0.379216 3.982335 3.937504 4.208220 0.132802 0.024595 0.317939 0.077222 0.245556 0.094265 0.013309 0.202152 1.590794 0.033738 0.040240 0.085080 4.728270 2.600448 0.252811 0.615631 0.451987 0.098331 0.596836 0.017660 1.983924 0.018867 0.018121 1.314091 
0.905558 0.156172 0.356906 4.538330 0.146643 0.040713 1.301397 0.076062 0.011182 0.089086 56.338388 0.399609 0.243977 79.142685 1.088062 0.212618 6.999336 3.129822 3.374821 2.221688 5.117810 3.038257 
0.068586 0.471440 3.398699 12.838633 0.082982 0.185487 0.055476 0.878131 0.326779 4.392849 1.708375 1.151101 1.476344 50.154525 0.190394 0.612872 33.965841 4.672299 35.415047 0.680888 0.018927 0.091507 11.635638 0.855699 0.030867 1.511413 1.427799 0.625932 5.516090 0.211027 
3.526798 0.276744 0.459965 12.928836 0.017603 2.516622 0.074678 0.846589 1.010075 0.085357 1.015664 0.844399 0.229530 30.482790 28.386240 0.032801 29.340334 4.789025 4.805730 0.829482 2.178906 1.095337 1.834218 2.092832 0.143851 0.067318 0.959675 0.019190 0.057590 2.418865 62.615671 18.640077 0.225231 13.367944 0.253217 4.500642 0.292623 1.105185 13.823586 0.503417 0.634224 1.678060 6.297868 16.292332 0.139649 
8.835161 0.035519 0.438068 0.802543 0.016215 0.430776 0.031692 20.071467 0.018837 2.462921 0.177862 0.592315 54.976530 75.780672 0.168368 0.418478 21.470592 5.271753 46.301643 0.856447 0.224758 0.103485 0.850835 2.080678 0.036023 0.011158 0.225550 0.231004 0.473665 2.208785 0.479720 17.566658 0.925145 0.730583 0.176947 0.022338 0.032349 0.103418 1.374364 
0.102161 0.049806 6.240919 40.644563 3.561506 0.051726 44.385774 0.042829 0.023763 0.158296 1.834265 0.513708 2.881728 21.380922 2.408165 0.032216 3.868628 3.068189 0.023567 0.088770 0.930395 0.050891 0.291348 8.800633 
2.185276 11.712725 0.388226 66.479174 3.888505 0.259658 0.285179 0.158020 0.510142 1.301959 8.404710 0.361686 0.691665 12.371526 1.551585 0.040467 1.078798 3.258956 0.162551 0.106268 0.138356 1.409532 0.440296 0.100178 1.735752 3.035318 0.164123 0.992350 2.240770 0.149915 0.204560 23.157821 0.099498 2.470278 0.994537 0.389575 0.092861 
0.132058 0.189314 0.650083 89.927341 0.169525 1.834889 0.121874 0.130868 0.178761 0.599681 0.218525 0.360901 0.147439 16.469451 2.159884 0.030097 0.794493 4.470862 1.261658 54.830319 0.152459 0.267072 1.384235 0.087987 1.580598 1.151764 38.642576 0.066864 1.748134 5.222346 4.579072 28.574672 7.603983 2.282606 0.093435 6.738063 23.307981 
89.022263 0.248023 0.356979 27.015200 0.072674 5.696578 0.210381 3.754372 0.062606 0.839872 28.055041 0.326366 0.085193 73.441468 0.170137 0.035973 0.028633 4.244638 0.120451 1.158292 0.176332 0.554760 0.047244 0.743445 7.292290 39.090530 0.211219 0.038685 
0.596628 5.251453 0.179656 0.555242 5.316332 58.553283 49.910513 1.702250 0.046878 0.427329 0.022141 0.057052 12.143072 14.195400 0.103236 0.550024 2.399601 28.262028 0.922862 0.618097 
3.911062 7.632067 0.163508 5.308357 3.654388 0.440711 26.331194 0.138324 0.291402 0.245792 0.267786 0.064757 0.273030 14.728263 0.572654 0.046998 1.252599 1.269985 0.438550 5.614615 6.166152 0.653353 10.840008 0.230999 0.068479 53.836863 
0.089006 9.354462 0.009852 0.119519 3.617226 7.933499 1.265950 0.101662 44.136575 8.232209 0.669915 0.019292 0.024066 0.047453 0.312370 0.067375 0.816970 1.885087 0.732516 0.136941 27.835246 0.705227 
0.445445 16.032156 0.013803 36.744008 3.257533 38.426550 0.431944 2.106544 0.953629 15.635952 0.376731 0.068698 5.679391 0.124664 0.694567 0.535127 1.064627 0.046134 0.167296 3.747040 0.029766 
0.023197 0.827548 0.082952 0.552732 3.633360 36.643381 0.095836 0.270187 0.091591 15.276682 0.543436 0.037849 6.474046 0.333212 3.353711 0.076586 0.012309 0.485309 26.485493 0.552658 0.867441 0.424256 0.026132 0.030040 1.855617 0.008888 10.588264 3.265246 0.095186 
0.055096 0.684590 0.022604 2.781420 2.988187 30.454365 0.598997 0.042444 9.117629 20.117193 29.054193 0.056052 5.555137 0.610408 0.040637 0.496513 0.053233 0.017475 13.117276 0.135903 0.477800 0.252091 0.016544 0.434391 3.603445 
0.223258 1.445621 0.065866 0.580519 3.479041 15.705405 2.052617 1.842851 14.680224 8.231965 1.253202 0.063883 9.639509 1.758859 0.631784 0.056044 1.184225 0.218182 10.931888 0.955479 15.812560 0.031335 0.092752 0.027332 0.188158 0.308319 1.656074 0.353358 
0.726122 1.068631 0.092458 0.439166 3.334947 41.858511 1.750893 0.227142 0.987104 10.367246 20.837315 0.005828 9.314952 0.161123 0.170694 12.049621 0.091399 9.182400 0.060164 1.154157 0.027295 0.350862 13.654439 0.551471 0.274065 1.017670 0.451818 0.111076 0.045196 
0.433314 0.004225 0.058654 0.350301 3.504283 28.693321 0.075539 0.676653 4.412256 13.641842 2.455139 0.009262 7.563611 0.755880 0.006766 0.150786 0.194496 0.092091 0.011221 0.684013 2.186781 0.098275 0.870892 0.249495 4.699530 0.974971 0.019844 4.546789 0.123720 0.208995 0.921952 0.629777 0.082476 
2.706376 0.074124 0.303358 0.202087 3.663691 54.039392 0.097923 0.671399 0.641868 10.232662 0.850597 0.047773 7.396528 1.206307 0.322366 9.446169 0.513636 0.866047 0.358116 0.174115 0.051136 0.013611 0.764668 0.085000 0.826159 0.667525 2.704500 0.405609 0.371548 0.226509 2.882146 
0.118335 0.022909 0.063326 0.881803 6.925322 41.274048 3.454884 1.101965 7.066094 14.100196 0.100088 0.076791 8.026889 1.028633 2.772425 14.288014 0.009648 0.015100 0.112816 0.312358 57.591744 5.975309 33.424406 0.250703 0.166691 13.289987 1.192688 0.168927 
1.443319 0.122133 0.365384 1.681797 3.079346 57.319865 0.470484 0.149911 2.134742 10.516692 6.338142 0.006414 8.515258 0.087724 0.643265 0.468968 0.036687 0.109378 0.109109 1.965127 0.027426 0.062881 1.453141 0.794341 0.122925 0.334443 0.280560 4.136335 0.299329 0.014625 0.084002 0.352253 0.488266 2.579263 1.042008 0.184532 0.306636 0.999601 1.420438 0.520757 1.406671 0.440064 0.954352 1.477251 0.504851 0.120154 0.219157 1.958146 1.462628 
0.546945 2.441713 0.206559 1.816485 5.149337 55.539927 0.082200 2.700018 0.335679 12.372272 0.784068 0.167538 3.460539 0.167672 0.656328 0.214757 10.877858 0.104055 0.884262 0.059234 0.868685 0.019583 3.347137 0.459275 0.493236 0.123010 0.211551 2.615281 0.072129 0.340997 0.287386 0.418518 1.693058 1.280507 0.680871 2.490256 0.041517 0.061379 0.059187 
0.013047 0.467521 3.800306 0.265122 5.507389 64.624331 4.692298 0.022492 13.059808 65.931882 0.022493 0.190966 7.901928 0.966808 0.076171 3.545506 7.232169 7.228669 2.407080 0.242154 3.029571 8.454338 0.033995 0.275236 0.661255 0.217626 0.032049 2.317669 0.010487 0.461897 0.366726 0.279230 1.146372 1.204836 0.153632 0.034699 0.954069 17.186645 1.479471 0.436079 0.195731 0.053696 
0.164298 0.163095 4.167597 0.152724 5.000833 32.489130 0.130455 1.845393 0.251060 28.475037 0.685757 0.030854 4.125006 1.658989 1.392503 0.053004 1.551287 0.995953 0.205799 1.531156 4.203615 7.407062 0.026396 0.138366 0.231450 22.389519 0.318703 0.466087 0.079882 0.532720 0.351702 0.124492 0.126179 0.736577 0.195875 7.693847 3.091600 1.392962 0.079261 0.285130 0.157124 1.030781 
0.269992 0.056824 0.034935 0.326754 2.890217 51.730161 0.054998 0.260776 0.084461 9.837111 1.507645 0.201093 0.581455 0.024011 0.116619 1.450153 1.397919 1.428834 4.633106 0.943412 3.757140 0.219758 0.131807 0.024493 0.230059 1.835722 2.095851 0.509547 2.512253 0.875482 1.382383 1.107211 1.078587 7.998784 0.359946 0.222704 0.366648 1.925518 1.805464 0.663300 0.396851 1.721759 
4.934403 0.734965 0.103318 0.294183 0.014024 18.829644 0.342574 0.451608 0.747426 18.008670 5.280113 0.120155 0.107692 1.222184 0.681299 0.032034 0.971669 0.008999 3.794754 0.204913 9.513599 0.099947 0.039336 0.797284 4.174125 1.401024 1.870266 
1.892602 0.539826 0.038101 53.806232 0.230047 12.309199 0.367187 3.062016 0.711627 0.071682 3.117640 0.519358 0.031191 1.647165 0.699933 0.073262 0.406501 1.030156 24.450421 0.979402 0.297882 1.209387 3.589898 0.740915 0.085822 5.006835 5.837916 0.336781 0.023927 0.320601 1.368467 2.122115 2.387010 1.335436 0.655440 0.475781 0.603457 
2.800943 0.143995 2.147799 10.928284 22.159414 0.196529 0.164029 0.084301 3.186519 0.426724 6.570441 0.054765 0.543024 1.953514 0.078925 0.072371 2.333577 1.970853 8.601552 0.715442 19.365221 4.542110 1.079614 2.817782 4.317848 1.363560 0.047146 31.709801 0.398656 0.065564 0.086249 0.480144 2.795618 3.582749 0.448591 0.436215 
1.898458 0.042500 2.991818 29.274864 26.509021 24.183225 1.786447 0.526260 0.356282 0.315850 0.552611 0.068893 3.504698 23.936733 1.005635 0.022096 1.396009 0.509101 0.034419 1.045676 0.120896 0.585120 
3.157098 0.056338 3.043306 21.222252 0.023468 21.712498 0.009610 0.541680 0.070639 33.937214 0.506818 0.043932 0.188104 18.272433 0.347907 0.649444 0.999160 0.493257 0.096552 0.358016 6.474752 0.321043 0.078891 0.085269 
3.201191 0.424776 26.639453 47.328429 0.443862 0.087204 0.528074 0.503547 12.941955 0.148781 0.152753 0.011589 0.713265 22.201170 31.328261 0.747455 1.906824 1.180984 0.053587 1.439280 0.028316 0.448654 8.742357 0.015431 2.502256 0.964063 0.087618 0.158937 0.334494 0.179217 29.916707 
4.397850 0.108948 49.162666 34.962133 0.595830 0.478968 0.267555 1.044545 4.249647 38.361231 4.145337 0.011552 1.185564 34.575192 3.687726 105.672745 1.191809 0.018581 0.970807 0.190313 0.063735 3.449997 2.548344 0.432600 0.782640 0.639090 0.478231 3.233972 9.540731 0.979124 0.702255 0.483654 0.073893 2.215920 
5.914824 0.133917 24.970591 45.662377 0.157409 0.604085 0.217604 1.170706 0.636625 0.822746 0.102845 0.128805 0.328084 45.055002 4.059966 131.888343 0.952772 6.499546 1.279746 0.033074 8.576623 0.080802 0.210099 119.889450 13.022490 0.355395 
2.863777 0.638651 45.805352 49.859083 0.137484 2.024638 0.155955 0.461847 0.272734 0.166868 0.281884 0.168466 3.655339 21.590621 8.703194 10.190898 0.393882 4.475649 0.068720 0.027787 0.600596 0.113939 0.950932 8.341687 33.751672 1.128308 6.052737 
4.383574 0.337632 72.956540 27.905109 0.173959 0.583129 14.611974 0.681713 0.166650 1.159222 0.182235 0.038959 1.942416 20.741515 6.207771 0.223291 1.157843 2.967078 0.218417 0.242326 17.645301 
6.057967 0.291415 47.980238 20.896107 4.863472 0.033257 2.021633 3.615547 0.252384 0.290297 0.886164 0.014595 2.633890 13.502449 0.505085 0.143078 5.060351 2.802572 0.643856 0.510724 2.695019 15.115152 0.846482 0.027803 0.896615 0.289311 2.270889 0.271147 
4.492107 0.326212 103.459126 21.238263 0.065560 1.429373 0.999851 0.082196 0.052531 0.638277 0.042627 0.021055 0.086064 20.009277 0.925181 0.613066 0.953610 4.663091 0.160952 1.173414 6.426114 20.379430 0.409446 0.531113 0.176061 
4.587202 0.383362 30.730803 46.225467 0.499661 14.920049 0.028354 0.124981 2.004722 0.027534 0.071210 0.036167 0.096276 37.659796 2.734717 0.555521 0.802288 5.238957 0.079047 0.022522 0.281417 11.274060 1.235426 15.498980 14.143073 26.156507 2.034736 0.029474 1.294672 20.547411 0.017745 0.156471 0.120049 1.042147 0.390603 1.671864 0.520033 1.131069 4.225244 
4.186769 0.571360 104.939546 30.827957 0.096945 2.730166 109.181186 4.769364 2.063765 0.735619 0.027289 0.014065 2.218672 32.684631 0.162528 0.570223 1.144637 4.356726 25.049007 1.431243 1.129118 0.170443 0.657870 0.164803 1.520358 1.383394 0.154339 0.703305 0.014418 0.615186 0.864120 2.572539 0.408563 1.236836 
4.478883 0.223419 1.392686 31.378637 0.066413 30.013515 0.295965 8.696402 0.707226 0.374552 2.609570 0.108384 0.165178 16.081245 0.523376 4.538210 0.646335 0.299520 1.719935 0.438520 0.013305 89.940738 1.107654 0.936694 
3.075802 0.350274 3.422840 46.504159 0.233362 86.999500 0.360553 0.050230 0.280828 4.126670 0.204524 0.104787 8.854565 16.214587 0.384408 3.140373 0.213565 0.396016 0.085484 0.354536 0.263213 0.023957 5.557085 3.779557 0.142847 0.060742 0.589303 2.597340 
3.075957 0.188349 0.606354 63.470267 0.030329 40.991260 11.028569 19.386407 0.201763 0.202574 0.231497 0.020555 0.133551 16.315431 1.696347 0.561346 0.300481 0.019628 1.158658 1.859056 63.830789 0.554783 1.201988 0.206888 1.126159 0.427077 0.545862 0.456838 0.670586 
3.552352 0.327028 0.060041 42.585971 0.612355 101.891194 0.143797 6.102266 0.103191 0.096942 0.098052 0.011781 4.092106 14.652670 0.244208 1.361486 0.036863 2.102470 6.679958 0.101845 9.333032 0.583899 0.258290 0.081415 0.617567 1.523005 0.462106 49.466621 0.623042 0.376235 0.647520 0.844187 3.995095 2.018667 0.266170 0.445161 2.701233 0.033790 0.140386 8.924107 
3.582594 0.199665 2.767889 50.470643 2.441171 40.542905 0.206107 0.792536 39.043105 1.817153 0.040490 0.229637 0.567787 14.006752 0.020542 0.855988 0.980569 1.650292 1.452118 0.272697 0.119186 0.031733 0.067066 0.149564 8.557697 1.103214 0.369674 1.225751 24.892179 0.721554 
3.411035 0.250098 38.333328 1.705363 0.026641 51.588533 0.217269 0.215554 7.407528 14.427474 0.316672 0.237735 0.416109 14.013928 0.240799 0.879508 0.634628 3.207754 0.438606 49.604478 0.047631 0.296815 0.223394 
5.435852 0.027872 15.542144 0.091207 0.082340 78.184740 3.197656 0.221180 0.340217 4.509191 0.032260 0.442638 0.427616 21.038430 0.035539 0.908418 0.025127 0.993560 16.101397 43.877013 1.616728 0.786465 14.408637 1.553376 0.016385 0.323123 1.306317 0.377038 1.169140 0.476514 0.267787 32.047148 0.330327 15.949530 0.703449 0.070410 0.285753 2.731433 
1.655115 1.212758 3.312688 6.673007 0.021280 72.861654 0.612945 0.098397 0.352075 13.920857 4.764540 0.232100 1.187143 17.722798 0.417941 0.170144 0.428324 0.283735 5.712137 69.230015 0.183773 0.629059 2.180742 0.391179 0.538195 0.586491 16.992455 1.129602 0.017231 1.324001 1.650601 0.421682 0.311754 0.060505 0.431969 
1.907395 0.068122 9.505817 0.712414 5.378056 43.810754 0.025484 0.729575 0.308577 0.036023 3.696165 0.308944 1.839808 16.459899 12.163247 0.325255 1.881641 0.548701 0.037741 24.090601 0.627726 0.023699 0.038038 0.075435 0.616195 1.260819 
0.047703 0.060241 9.763396 30.917889 1.305987 1.989128 2.842425 0.360915 1.801286 0.025158 3.000271 6.463123 2.431751 9.479420 2.250816 0.015390 0.264678 0.051342 17.523594 45.035798 0.399530 0.047679 0.495898 0.643419 9.726584 0.117812 7.863680 0.081735 0.027529 6.520651 3.261181 0.486340 2.564329 0.459272 0.118525 0.300714 0.889083 43.430441 0.195093 21.989182 0.167676 15.656469 0.018441 0.066813 0.795039 
0.038654 0.037519 2.418263 19.468582 3.574344 0.144628 0.050623 0.017085 0.751990 0.378928 1.683841 14.540305 2.532329 21.800245 1.433879 0.137599 0.178771 0.053085 0.022041 38.115793 1.766521 0.043186 0.519897 0.234082 0.371843 9.433584 1.625313 1.022627 0.311652 4.861691 
2.598740 0.034354 0.036096 0.110800 9.843304 0.112134 18.882178 5.370430 0.243379 0.509864 1.590396 0.597657 0.543794 0.047514 0.086617 5.268651 0.074742 0.495956 0.132767 18.430790 
0.166059 0.637569 3.779249 0.901087 32.521595 0.025345 9.976324 0.158363 2.749065 0.823784 2.802512 0.012406 3.101422 0.008471 0.007169 3.522295 0.575736 0.049356 0.025089 10.853016 0.049231 18.025693 0.017741 1.680669 0.633784 3.003291 1.458714 5.472709 0.054978 0.067455 0.005948 0.522823 0.481805 0.233877 0.574654 1.630525 0.073824 34.349366 0.036867 0.109476 1.296450 
8.990222 0.051954 6.475936 0.121454 15.230101 0.141918 10.382911 0.685018 0.170645 0.860269 2.886596 0.044632 0.326165 0.213192 0.059708 1.469134 4.468849 0.127542 0.409005 16.155421 0.242350 37.782072 0.157350 1.737028 0.025097 0.882716 3.688595 1.997532 0.593707 8.577074 0.830851 0.550537 
10.132061 17.588841 9.464426 3.280334 13.532603 0.722588 0.005158 0.728930 0.353748 0.013306 2.559092 15.612448 0.224958 0.089647 0.063485 0.054822 0.017032 0.675100 0.133586 12.420279 0.069876 0.648103 0.556793 0.038855 1.581356 0.688927 
0.224317 21.183331 0.443446 4.457587 7.584093 1.241187 0.075743 0.563017 0.011740 0.021740 3.519084 4.551869 0.097839 48.747439 0.053996 0.439018 3.441670 0.680752 1.824024 1.818283 0.257155 13.603761 2.509154 0.129501 0.046381 0.414461 0.243559 0.238291 0.058748 0.017882 0.633716 8.125745 0.349556 0.143336 
91.325119 27.206416 9.626745 0.309910 26.384498 0.826138 2.273411 0.732523 5.598149 0.228044 1.536533 0.124809 2.928878 0.198647 0.161350 0.022607 0.148765 2.422303 0.060878 0.454796 0.519829 0.541035 0.392610 0.021610 0.170721 0.041868 0.058065 0.855436 0.026614 0.502039 1.470049 0.024985 0.326953 0.802028 0.048200 0.173894 0.286077 6.570724 
31.101850 19.726452 0.070478 0.177296 20.225422 0.532329 0.045427 0.365338 0.202120 0.152065 1.894251 0.065097 6.869089 18.845258 0.063983 1.870995 0.131624 0.035004 2.517091 0.884909 1.164631 0.874645 0.697588 0.009342 1.409281 3.565424 2.959462 1.501804 0.451480 1.026895 
75.048651 63.474978 1.308030 0.731847 4.955862 1.127516 0.923299 0.051209 0.058042 3.424916 1.765477 0.044795 8.157838 0.565744 0.168981 0.384406 0.594058 0.012689 0.038072 0.935333 0.093476 0.043352 0.884709 0.206565 0.600369 0.247440 0.338755 0.948073 
45.703910 0.598323 0.031192 0.771850 4.617180 0.398710 0.552628 1.702638 0.236879 4.321648 59.064786 0.514679 8.143847 0.497342 10.717603 0.012035 5.962511 0.024362 0.305177 0.066216 1.303196 68.068406 1.222370 0.237311 0.527466 0.711289 0.372261 0.769936 1.513348 
44.827665 0.756556 0.559507 0.068970 3.240560 0.883544 0.374678 1.108330 0.010158 0.539832 0.122993 0.211254 23.976752 3.588461 7.640899 0.093178 1.646049 0.056627 1.614015 0.275289 0.269797 0.306835 0.657363 0.069612 0.912216 0.289724 91.500519 9.579722 1.056448 0.383614 0.326578 0.055498 0.093170 0.187585 0.962257 0.338619 0.190169 0.496509 0.355304 
0.061091 4.847608 1.599556 55.654080 3.495109 40.016204 0.907506 0.081231 0.499056 0.533592 0.294398 0.098485 43.098596 1.775077 0.207931 0.481652 0.079663 0.689213 75.698473 5.882785 6.046409 0.878228 4.626742 0.175324 0.461369 0.064993 74.500221 0.045050 0.306230 0.484166 
5.915314 1.624989 0.048189 0.246299 1.149061 2.391223 3.141125 0.488104 50.588249 0.094640 0.173161 0.344738 0.033778 0.024376 0.017792 0.643617 2.559713 0.897177 42.426231 5.274764 24.480853 47.950128 9.968647 0.069711 1.041127 0.138709 76.554980 0.018767 10.515466 0.054500 2.323361 0.167065 5.004650 0.582392 0.144599 0.061498 0.040248 0.145863 3.292532 0.329837 3.723873 0.413528 2.340088 0.399182 12.339464 2.670971 0.572593 
0.683157 3.093545 1.110722 0.037807 0.223643 3.376503 3.829097 3.087973 43.321657 0.090900 1.297831 0.142523 0.616640 4.297198 0.681885 0.381450 23.359167 0.923234 31.014124 0.682566 0.008569 0.621959 0.644688 0.164537 0.016906 1.147031 0.018126 16.539770 0.811272 0.093399 1.430980 0.762297 6.094323 0.523771 0.010094 52.330177 0.491862 0.014626 2.818471 0.110284 0.042682 0.080781 0.070047 0.031913 0.021537 1.474271 0.779844 0.331332 4.570013 
0.011874 4.947825 0.181566 0.033372 0.381137 5.917638 5.345677 39.513409 2.357268 0.103344 1.791561 0.416404 0.454778 0.079691 0.066881 25.852712 0.343070 0.217137 9.411344 48.518271 0.485096 0.625885 0.158927 0.415749 0.050254 0.557740 0.025369 1.429136 2.550967 
1.112350 0.047645 0.040181 0.456690 0.433213 5.910062 2.985189 15.144572 0.231896 0.201795 6.742839 0.051873 19.230592 0.311026 0.054054 0.731860 0.150868 0.523476 1.641587 1.356158 2.357686 0.037309 0.402632 0.078322 0.770666 6.150742 
