0.882374 1.059073 1.085127 1.164137 1.227007 1.053422 0.820364 0.939102 1.023756 1.047182 1.014370 1.138966 0.937266 0.910686 0.927530 1.064857 0.820344 1.023884 1.165857 0.884911 1.153925 1.180247 0.865277 1.183278 
0.907746 1.098322 1.021656 1.243057 1.242503 1.219869 0.804940 0.953060 0.805801 0.863416 1.072337 1.102956 1.106173 1.113457 1.090671 0.983469 0.936291 1.234213 0.826202 
1.107653 1.199550 1.145142 0.846763 0.955414 0.824288 1.051555 0.935198 0.826528 0.954882 1.079099 1.199682 1.258792 0.883608 0.796512 0.794393 0.972516 0.854777 1.035420 1.133200 0.935373 0.949175 0.813482 0.900406 0.840185 0.849690 0.966710 0.845771 1.042190 0.850536 
1.146453 1.235154 1.073089 0.990060 0.984813 1.045074 1.149804 0.942910 1.245451 1.030688 0.909770 1.214083 1.253521 0.982014 1.217725 0.794908 0.805357 1.106572 0.846055 1.122206 1.253464 0.868179 1.055510 1.156869 0.941432 1.209431 1.007688 0.834976 1.108703 
1.228568 0.915269 1.157362 1.047938 0.989525 1.088982 1.244686 1.202824 1.003850 0.863211 0.943730 1.216143 1.027767 0.989972 1.078853 1.173667 1.139110 1.124095 1.200628 0.831038 0.967896 0.818825 1.101180 1.104123 0.999896 1.073460 1.223004 
1.204575 1.056900 1.022680 0.993082 0.849636 0.951211 1.014070 0.909441 1.025273 0.997839 1.083388 1.237621 1.251454 0.806551 1.001788 1.242341 1.073073 0.834868 1.027591 1.040089 
0.940930 0.975551 0.915732 0.844523 1.192946 1.174557 0.808118 0.906686 0.997295 0.808100 1.167912 1.205593 1.226777 1.220945 0.912366 1.059711 0.906409 1.014205 0.912502 1.145099 0.805776 1.230567 1.171217 1.147876 0.974431 0.852139 1.021738 0.918580 
1.044387 0.917539 0.855060 0.810355 0.962864 0.842403 0.843818 1.099904 0.957919 1.238075 1.121842 1.157312 0.957475 1.045529 0.923056 1.146151 0.806041 0.983879 0.798975 1.216577 1.149826 0.966483 1.242084 1.114559 1.112322 1.028063 1.193907 1.113734 1.054765 0.892468 
1.203259 0.944034 1.119816 0.856116 1.051254 1.109680 0.864053 1.094877 0.947673 1.219292 0.893098 1.140378 1.148571 1.212269 0.935502 1.110640 0.948797 1.239787 0.892185 0.915505 0.951043 1.028212 1.116696 0.838780 
0.871605 0.862661 0.970974 0.797502 0.972144 1.182163 1.038200 1.126978 1.022993 1.226103 1.010307 1.095387 0.800900 1.028769 1.158968 0.939954 1.036941 1.126894 1.110673 0.959416 0.957032 0.946310 
1.141773 0.918579 1.148735 1.188828 0.918685 1.152817 0.801342 1.151994 1.124334 1.246278 1.224282 1.074305 1.011626 1.095308 1.246699 1.111993 0.857087 1.124711 1.036571 0.998277 1.028041 1.162951 1.207037 0.885130 
1.206466 0.960921 1.230957 1.124757 1.196098 1.115348 0.808546 1.037223 1.129069 1.251190 1.127155 1.221891 0.933132 1.128594 0.944193 0.956978 1.246363 0.971924 0.815506 0.919971 1.134082 1.197949 0.877654 1.028407 0.859259 0.981231 1.128675 0.991028 1.010576 1.171563 1.063745 
1.124500 0.905727 1.230705 0.977729 1.161989 1.182930 0.807310 1.068419 0.888546 1.046726 1.174983 1.123772 1.104444 1.161218 1.115315 0.947469 0.850348 0.840156 0.929137 1.176690 0.877061 1.104724 1.184085 1.054014 1.118261 0.829353 1.060255 0.930767 1.055959 1.140107 1.011573 1.120373 0.801561 1.102281 1.235519 1.169897 1.232625 1.058349 1.020748 0.961551 
1.128454 0.884961 1.117104 0.854278 1.221363 1.130573 0.845847 1.003693 1.009244 0.877842 1.038421 0.927786 1.131277 1.215429 0.914220 0.955448 0.909973 0.875570 0.983584 0.874483 1.251681 1.026727 1.227804 0.861386 0.795853 1.245264 1.163118 1.042569 0.944784 0.847903 1.034542 1.015574 0.806233 0.906731 1.036433 0.797724 0.997469 
1.206018 1.191344 1.011133 0.834184 1.138216 1.048477 1.131327 1.190968 0.800988 1.130756 0.977193 0.998002 1.104197 1.194397 0.942113 0.993938 
1.101959 1.001189 1.040541 1.201177 1.243715 1.148050 1.107609 1.252422 0.841156 1.052331 1.008401 1.202211 0.840462 1.231466 0.801865 0.921245 1.157720 0.912494 1.194937 1.023390 1.233742 0.825745 0.866632 0.964498 
1.162700 1.066334 0.938562 0.874638 0.800730 1.081695 0.808495 1.253543 1.197958 0.874700 0.925093 0.857183 0.838007 1.125693 1.154012 1.078506 1.047109 0.902679 
1.252184 0.829779 0.938763 1.112754 0.883808 1.083651 0.903419 1.247400 0.985838 1.032739 1.091247 1.108393 1.019200 
0.808632 1.077911 1.255061 1.075821 0.877079 1.014485 1.068690 1.045033 1.142513 0.907015 0.806420 1.240622 0.889062 0.867469 0.910200 1.047846 1.130765 1.043178 0.981374 1.193082 1.139207 0.886909 
0.979186 1.227764 1.248369 1.106275 0.912339 0.870320 0.950057 1.058281 0.989202 1.130320 1.252067 1.071675 0.801688 1.133977 1.131482 1.202274 
0.917355 0.853427 0.846514 1.073954 0.898129 0.808561 1.002771 0.978194 1.243834 1.231245 0.996464 1.253677 0.997251 1.217734 0.913158 1.024527 1.206850 1.103596 1.208634 1.096114 0.805349 1.178508 1.019694 1.042222 1.069259 1.022527 0.882285 0.910059 1.117012 
0.948821 1.010430 1.062453 1.046461 0.904037 0.802711 1.195191 1.208294 1.069784 0.901044 1.044636 1.239199 1.248654 0.801809 1.030867 0.871572 1.084971 1.029968 
1.080169 0.889989 1.074382 1.109097 0.914396 1.079018 1.200299 1.145635 0.990569 1.077605 1.042975 0.828321 0.961781 0.952070 0.937335 0.838647 0.832213 0.812157 1.117971 0.804688 
1.213469 0.914360 1.056941 1.090541 0.904468 0.798169 1.239051 1.062852 0.939117 1.057532 0.815987 0.969827 0.976810 0.893471 1.039673 1.064519 1.117981 1.182741 0.824599 1.040950 1.150698 0.872541 1.165538 1.009195 0.970559 1.156946 0.824476 1.096034 0.931385 
0.874446 1.048882 0.936499 1.138842 0.920397 1.191003 1.217995 1.228019 0.987750 1.209136 1.126136 0.994091 1.049566 1.060095 1.038236 0.819359 0.909656 0.879874 1.105304 1.031426 1.131371 0.874161 1.048009 0.892136 0.881013 0.936636 1.225501 1.054940 1.121509 
0.802681 0.838779 0.874668 1.078652 0.908410 1.111463 1.208040 0.931314 1.091484 0.955579 1.036132 0.987411 1.145026 0.883273 1.043286 0.846180 1.101683 0.956219 1.217464 0.857841 0.879319 0.816471 0.896235 1.014150 1.244894 1.033738 1.168344 1.155320 0.900927 1.125818 1.103106 0.945240 
0.794646 1.049378 0.974365 1.071016 0.873803 1.159609 1.209096 1.014437 0.961552 1.168771 1.137430 0.957910 0.915098 1.024793 0.910238 1.244080 1.141827 0.833237 0.930627 1.226914 1.093277 1.129022 0.815470 0.866172 
1.039066 1.197629 0.957787 1.059686 0.886677 0.943800 1.033865 1.134061 1.107611 1.181004 0.833860 0.800386 1.245706 1.216016 1.208639 1.010738 1.175567 0.867732 1.097962 0.821153 1.042494 0.920989 0.861792 0.945777 1.026032 1.039271 
0.934854 1.243879 0.847126 1.124104 0.924688 1.015618 0.806254 0.826429 1.161497 1.156068 1.008683 0.846448 1.257110 1.084508 0.940046 1.018536 1.073413 0.972415 0.873283 0.925828 1.010339 1.202288 0.891097 1.006439 0.928879 1.042645 1.184755 
1.172616 1.161927 1.057491 1.107634 0.923924 0.897492 1.129885 1.249269 0.892880 1.212277 1.184404 0.800089 1.097757 0.976395 0.844848 0.909604 1.148067 0.918477 1.177886 1.167151 0.813332 0.832419 1.177914 1.144131 0.834916 0.836737 1.180362 0.831442 0.800665 
0.794895 0.973321 1.030546 1.082298 0.882557 0.797473 0.959814 1.180726 0.981266 1.205186 1.062689 0.850748 0.816619 1.125015 1.102224 0.862444 1.071261 0.847738 1.171799 0.904185 0.827971 1.130583 0.837528 1.194925 1.098141 1.012616 0.883806 1.088945 0.966655 1.180922 1.032249 0.952031 1.124426 0.836743 0.811004 0.971283 0.806072 0.928877 0.892303 1.190065 1.066800 0.846539 0.878432 1.074978 1.108693 0.910720 1.025029 
0.814288 1.038150 0.873551 0.968792 0.882161 0.843795 0.825747 1.039178 0.942394 1.135051 1.083646 1.243081 0.830525 0.998169 1.029829 0.899711 0.838424 1.117409 0.858450 1.055362 1.019778 0.963183 1.254830 0.871259 1.010560 0.975086 0.856093 1.071302 0.954456 1.035815 
0.809697 0.941596 1.057267 0.909039 0.919741 0.826570 1.137748 1.094104 0.822525 0.849760 1.130543 1.153196 1.086637 0.856973 1.052879 0.901683 0.986007 1.012199 1.050236 0.984109 1.068070 1.013170 0.903794 1.202827 1.051644 0.883302 0.925592 0.979991 
0.803670 0.854492 0.828883 1.081475 0.883897 0.925620 0.882527 1.077963 1.063057 1.237662 1.084360 1.124930 1.078672 1.245963 0.888266 1.067276 1.113598 1.218057 1.203537 0.904665 0.906757 0.855903 0.842294 0.883799 0.947713 1.055635 1.111562 0.884700 0.909017 0.835620 
0.794706 1.174375 1.013915 0.899548 1.084979 1.118842 1.140581 0.906073 1.151674 1.027739 1.168650 0.946895 1.109897 1.190324 0.918608 0.860628 0.929814 0.816289 0.901381 0.852613 1.063987 0.882829 1.160462 0.956591 0.965848 
0.794671 0.957138 1.090236 0.920657 1.066479 1.079081 1.007720 0.973139 0.836815 1.150408 0.876868 1.041122 1.072968 1.248911 0.931414 0.825916 1.051204 1.204062 1.216520 0.989532 1.183227 0.918046 1.246979 0.980604 0.916222 1.181317 
0.801180 0.916831 0.795995 0.817273 1.124835 1.119803 1.022076 0.843994 0.856469 1.169605 0.825573 0.799165 1.033001 1.197905 1.064503 0.896696 0.913116 0.926631 0.926303 0.872612 1.218403 1.019853 0.950899 
0.795319 0.842383 1.042958 1.068142 1.231050 1.129412 1.109899 1.016379 0.880498 1.003351 0.998371 0.847414 1.021075 1.176825 0.822511 1.037815 1.246728 0.862292 0.837838 0.953985 1.018637 0.798910 1.034458 1.215644 1.001456 0.933585 
0.798547 0.930718 0.799634 1.163733 0.872084 1.013404 1.122153 0.889566 0.896031 0.868845 0.840597 1.119866 1.051862 1.254945 1.207848 1.196545 0.900895 0.920492 0.870445 1.049350 0.946682 1.028892 1.155015 0.815325 
0.826193 0.920864 1.196273 0.839053 1.101643 0.902871 1.003053 0.948873 0.890656 1.138590 1.206884 0.955402 1.121945 1.045080 0.915520 0.873446 0.891679 0.921535 1.054971 1.099902 
0.824382 0.869829 0.967610 1.139966 1.065080 1.108163 0.859742 0.821297 0.951355 0.826096 1.227925 1.068779 1.081536 1.245547 0.842774 0.912918 0.960287 0.986562 1.053252 1.004470 
0.817342 1.160499 0.991255 1.050531 0.947979 0.942367 1.050108 0.901435 0.967022 1.248508 1.199946 1.016216 1.156231 1.077039 1.235011 0.820647 0.958046 0.984194 0.801289 1.138140 1.036712 1.032844 0.951161 1.160967 0.998277 1.120340 0.795365 0.959328 1.068108 0.993812 1.163447 1.155294 0.827203 
1.118705 0.858615 1.023726 1.115896 1.074365 1.090663 0.860719 1.237271 0.938839 0.993863 1.095574 0.834891 1.104566 1.062463 0.926150 1.240978 0.929157 1.116214 0.910602 0.815009 1.122839 1.254003 1.160648 1.022970 1.222910 
0.846134 1.044315 0.917439 0.886572 1.246497 0.806914 0.947520 1.016472 1.145862 1.119792 0.868971 0.865206 1.080238 0.812728 0.907567 1.025529 0.924923 1.099549 1.017285 1.225583 0.969970 0.850583 1.020558 0.964461 0.848187 
1.159189 1.176430 0.848628 0.868551 0.987811 0.862536 0.844957 0.897459 1.024879 1.089448 1.030332 0.848517 1.185121 1.197769 0.948700 1.052280 1.039817 0.816352 1.255559 0.819438 1.132090 1.189688 1.061624 1.144099 1.192286 0.876578 1.186801 0.991675 1.052544 1.188145 
1.008782 1.108032 1.129052 0.833651 1.001584 1.251750 1.006691 1.056702 0.950680 1.040964 1.138741 0.839578 1.177299 0.798018 0.845917 1.153489 1.131661 0.826865 0.909429 1.062135 1.107641 
0.941807 0.978000 0.834012 1.122844 1.060892 1.069190 0.883189 1.092546 1.208066 1.213514 1.178313 0.827585 1.122378 1.071755 
0.946944 0.952685 0.802215 1.109264 1.197392 1.081491 1.014844 1.123836 1.139876 0.977934 1.016144 1.258250 1.063565 1.122822 1.078797 1.242072 1.138441 1.014010 1.187434 0.912051 
0.945908 1.101894 0.955514 1.105313 1.134062 1.036095 0.991396 0.843845 1.060433 0.951260 0.825329 1.255477 0.910683 1.094604 0.885602 1.131525 1.101849 0.985595 1.234451 1.092902 0.928849 
0.969518 0.795535 1.210592 1.120612 1.232835 0.888874 1.174926 0.882928 1.049512 0.948830 1.132342 1.157850 
0.927094 0.808724 0.888708 1.066344 1.257417 1.196266 1.243874 1.216900 1.076818 0.916408 0.806005 1.013331 0.935459 0.899345 1.213898 0.818929 
0.937758 0.800000 1.178218 1.126916 1.048037 0.901434 1.147827 1.168611 1.194675 1.111568 0.813769 0.798005 1.077302 1.222769 0.874136 1.249185 0.801589 1.215966 1.155032 0.935317 0.906247 1.108472 1.166935 0.849366 0.998038 0.987603 0.856206 0.915319 0.821623 0.981899 0.964419 0.948345 1.006078 1.189642 
0.948829 0.809626 0.882082 1.143283 0.907141 0.797666 0.931062 1.204028 0.991048 1.132470 0.961642 1.131997 1.144454 1.093387 1.047851 1.148732 0.869899 0.950195 0.912444 1.246700 1.047208 0.924859 0.829854 1.093508 1.193685 1.119444 0.923432 0.907838 0.862136 0.867769 0.945958 
0.934498 0.796824 0.889732 1.170095 1.030994 0.900861 1.079416 0.947618 1.102291 1.033072 0.911077 1.242413 0.960076 0.978237 0.932337 1.144992 0.795999 1.077853 1.225029 1.193242 1.083827 1.030244 1.155715 0.838783 0.927506 1.009908 1.131205 0.923470 0.853185 1.019932 
0.926457 0.811669 0.956571 1.063667 0.870706 1.085027 1.093052 1.015154 1.120231 0.933697 0.937971 1.135226 0.835307 0.894235 0.995014 1.125276 0.910700 1.013317 0.970700 1.168605 0.996141 0.925831 0.953640 0.894883 0.964695 0.800498 0.851327 
0.895037 0.807133 1.107694 1.114761 1.193484 1.086216 0.994806 1.224681 0.980726 1.104478 0.873016 0.823306 0.899889 1.238350 1.067978 0.962167 1.008946 1.025701 1.096701 1.047796 0.932748 1.108289 1.066439 0.940053 1.181307 0.992280 1.174689 1.057984 0.995130 1.059536 0.814928 0.796047 1.086797 1.114003 
1.036796 0.810500 0.871914 1.120892 0.935142 0.960587 1.059366 1.043461 0.956437 0.862060 0.937290 1.255281 0.990441 1.177598 1.121862 1.078445 1.215684 1.101674 1.172584 1.027168 0.999384 1.172528 0.899334 1.188157 
1.101801 0.833027 1.163276 1.100414 1.210266 0.865912 0.910601 0.989784 0.934680 0.797066 1.242462 0.988455 1.171425 1.229512 1.154761 0.807770 0.943857 1.145313 0.861310 
0.823411 1.186617 0.806498 1.070882 1.211530 0.831362 1.002239 1.074890 0.946574 1.103482 1.231053 0.896438 0.903117 1.110262 1.019374 0.825761 0.976365 0.939893 1.072760 0.849190 0.910389 1.226833 0.974326 0.832225 
0.806470 1.077262 1.224400 1.149162 0.859140 1.199771 0.883869 0.809851 1.023659 0.932506 1.073475 1.175020 0.982914 1.211986 
0.801921 1.164097 1.214530 1.152119 1.148948 0.934339 0.994052 1.190769 0.971480 0.871480 1.090101 1.171857 1.076726 0.959227 0.885992 0.956458 0.876839 1.150587 0.833105 1.224857 1.161974 0.839138 
0.806387 1.182654 1.019025 1.073491 1.125158 0.889038 0.910734 0.852492 0.832739 1.069752 1.050934 0.896645 1.095619 1.075223 
1.058472 1.235121 1.235059 1.068138 0.851536 0.853249 0.929395 0.880089 0.811403 0.961730 1.093946 0.907421 0.968803 1.206493 1.180853 0.842110 0.873603 1.053798 1.091986 1.006374 0.894715 0.935486 
1.114677 1.159362 1.111624 1.113448 1.040928 0.795615 0.932329 1.062444 1.190677 0.812436 0.845289 1.048011 0.948796 1.084394 0.922087 1.028502 1.111990 0.935900 1.006872 1.122601 
1.101253 1.238382 1.094934 1.058836 0.987175 0.796668 0.911218 1.011441 1.094207 0.926796 0.997853 1.187319 0.800929 0.856320 0.946000 1.033280 1.014016 1.033893 0.849986 1.123966 
0.924929 1.098057 0.843953 1.091242 0.906946 0.836504 0.927203 1.229078 0.872694 1.141007 1.050149 
1.007541 1.167506 1.082823 1.106541 1.030463 0.910685 0.946248 1.246477 0.854076 1.096077 0.954187 
0.794887 1.143643 1.238653 1.151725 0.905026 0.810270 1.017468 1.154558 1.049495 0.898538 0.834364 1.181522 0.929033 
0.829615 0.918408 1.241966 1.047989 1.042157 0.805822 0.893262 1.049530 0.795021 1.073594 0.914078 1.220884 0.918416 1.166637 1.097525 1.056592 1.230076 0.889617 1.022150 1.045224 1.089852 0.817669 0.878501 1.229324 
0.928152 0.914559 0.882429 0.995835 1.104307 0.841221 0.852023 0.960938 0.880367 1.245544 0.901707 0.960588 0.798706 0.852250 1.057201 1.182379 0.979716 0.964168 1.220394 1.187301 1.030629 0.962286 1.074580 
1.126068 0.950247 0.860114 1.106201 0.797178 1.166050 0.903367 0.832537 0.818788 1.214760 1.034753 0.981531 0.970329 1.142233 0.932905 0.931321 0.828015 1.081759 0.941396 1.130881 1.113029 0.934446 0.928126 0.914018 1.012240 0.876961 1.058834 1.009025 0.955593 
1.147438 1.039879 1.090792 1.034145 0.799537 0.990171 0.932508 1.094803 1.048124 1.200346 0.859034 0.824444 0.928119 1.063228 0.882080 0.906750 1.060897 0.864637 0.990308 
1.251227 0.998026 0.905291 1.149267 0.797168 1.065244 1.189852 1.138361 0.908158 0.818548 1.125639 1.152387 0.944071 0.929880 0.972092 1.102275 0.862479 0.827107 0.890947 1.070695 0.844642 0.878276 0.884331 0.969736 1.063847 0.800028 0.805397 0.807174 0.838469 
1.179032 1.025094 1.077514 1.101082 0.807197 1.217125 0.945674 0.904893 0.879577 0.851491 0.973028 1.247527 0.866130 0.950410 0.891590 1.112836 1.128811 1.120402 0.947400 0.970331 0.797295 0.836257 1.184485 1.107464 
0.834363 1.240197 1.137903 1.205722 0.838478 1.164129 0.931967 0.879957 0.867425 1.153334 1.171782 1.049387 0.947855 0.923395 1.030326 1.148723 0.963438 
1.094201 1.076486 0.880108 1.236728 0.796735 1.134498 0.940820 1.176864 0.998155 1.172339 0.994592 1.226532 0.917197 1.026830 0.897427 1.067957 0.887434 0.825973 0.993554 1.110276 1.254890 1.015916 0.943507 0.947024 0.974358 0.914057 
0.955041 1.142461 0.935120 1.227274 0.803239 1.113585 1.009098 0.816953 1.123936 0.994840 1.114547 1.247005 1.181306 1.253433 1.093078 1.131155 0.853956 0.983686 0.995333 1.056337 1.221820 1.045206 1.061357 0.956074 0.914046 1.102952 1.171764 0.915787 
0.945819 1.185132 1.249057 1.073752 1.079347 0.916827 0.904653 0.800556 1.044225 0.962208 1.127858 1.113077 1.205005 0.887720 0.833195 1.256900 0.802182 0.906704 1.052756 1.187848 0.949885 0.806380 0.796295 0.799784 0.935950 0.803421 0.967151 0.795061 
0.891324 0.808553 1.203626 1.075894 1.105965 1.200132 0.924703 1.067624 0.952485 0.986458 0.809877 1.126293 0.914428 1.079105 0.794627 0.869594 0.866657 1.080651 1.190687 1.050037 0.879101 
1.068713 0.824376 1.142930 1.089899 0.896070 1.032155 0.957928 0.959502 0.965689 0.999229 0.834185 1.112424 1.060078 0.799274 1.083594 1.124734 1.109034 1.142537 0.929812 0.876854 1.229720 0.889276 0.828440 1.108332 1.256597 0.813959 0.993456 1.142548 0.977307 1.054203 
1.245351 0.948769 0.904440 1.155927 1.140584 0.865746 1.126178 1.031754 0.816182 0.915069 1.132585 1.180391 0.944006 1.065597 0.992079 1.229928 1.223048 1.027187 0.960576 
1.000737 0.963010 1.201816 1.168995 0.855127 1.167463 0.922111 0.831598 1.095037 1.202804 1.186019 1.155182 0.861500 0.884963 0.946269 1.054366 1.178121 1.037865 1.161321 1.242711 0.892657 1.087737 1.093088 1.173453 1.039137 0.893819 0.956329 
0.907907 1.116910 1.026572 1.098741 1.109927 0.799522 0.838070 0.800692 0.837161 1.156405 0.820614 0.806220 1.074406 1.118034 1.255172 1.088633 0.910121 1.041675 1.037792 1.019657 0.941120 0.982058 1.203321 
0.948166 0.959233 1.181776 1.089912 1.216720 1.000397 1.115680 1.096979 0.816862 1.049068 1.132177 1.001686 0.934007 1.084301 1.227891 1.077043 1.130057 0.851817 1.027912 0.982105 0.892631 1.245583 0.985213 0.918866 1.105822 0.986716 1.247994 1.149700 1.244499 0.856117 1.256391 0.798011 1.077185 1.054042 
1.151751 1.050790 0.806853 1.117915 0.957352 1.085278 0.815634 0.846771 0.864164 0.887971 1.031238 1.155574 0.990659 1.151976 1.257054 1.099069 1.141791 0.961014 1.114383 0.877711 0.914628 
1.151601 1.075991 0.947456 1.111238 0.997666 0.964951 0.927800 0.808297 1.151495 1.118605 1.045332 1.050315 0.910901 1.082856 1.225185 1.122215 0.919783 0.848152 0.858573 0.917672 0.799811 1.036501 0.847300 0.845432 1.145782 0.837118 
0.886454 0.943198 0.932997 1.087009 0.839383 1.079250 0.975255 0.872033 0.800487 1.247568 1.045599 1.088585 0.991560 0.880335 1.021169 1.009594 1.249674 1.057825 0.859176 0.811577 0.952771 0.869741 1.101856 
1.005944 1.162436 0.950855 1.134229 0.875861 1.228701 0.934339 1.150201 0.799041 1.087018 0.845052 1.094243 0.841361 0.845867 0.890683 0.865492 1.104755 1.240967 0.955679 
1.194345 0.976561 0.917484 1.079287 0.824399 1.249622 0.849560 0.813669 0.803169 0.813248 1.043186 0.934463 1.168294 0.889112 1.250649 0.808813 0.799664 1.072982 1.081271 1.021764 0.909771 0.902567 
1.251343 1.034565 0.996184 1.136739 0.828078 1.036949 0.854691 0.913268 0.817665 0.874164 1.170054 0.877701 0.931221 1.107898 0.948087 0.887263 1.237570 1.248636 1.150832 0.836553 0.937594 0.962194 0.805485 0.945169 1.112287 0.957851 0.969770 
0.894059 1.170016 0.956399 1.115146 0.896678 0.913633 1.156750 0.817051 1.155270 1.098628 0.972907 0.795111 0.914432 0.826745 1.001265 0.932655 0.963726 1.246250 1.095570 1.040989 1.079065 0.902625 1.165900 0.938864 1.133293 1.174907 1.222292 
0.803811 0.894054 0.842237 0.981469 1.007942 1.185361 1.246063 1.150327 1.090420 0.908097 1.131053 0.810013 1.027533 1.008182 0.992700 1.012664 0.866678 1.058601 0.812899 1.062270 0.947058 0.906855 1.052307 1.079919 1.043526 0.966282 1.203421 1.039312 0.982511 1.040852 1.195485 0.869346 1.160492 1.154082 0.980305 
0.844722 1.062703 0.901837 0.934127 0.902355 1.053128 1.143304 1.048376 1.025322 1.118329 1.144789 0.794390 1.048220 0.982952 0.940606 1.222873 0.896427 0.819828 1.032044 1.004813 1.082791 1.210548 1.013892 1.067686 0.962760 1.123931 1.243844 
1.079509 0.981496 0.907965 1.256768 0.909465 1.249038 0.827372 1.089840 0.856280 0.957022 0.804152 1.122891 
1.039898 1.071318 0.855266 1.158138 0.917887 0.882096 1.076566 1.033433 0.986145 0.933915 0.804260 0.801339 1.055434 0.798829 0.862316 0.832522 1.110264 0.855207 0.908161 
0.813381 1.094313 0.869355 1.199607 0.867327 1.154909 0.821714 1.074172 0.918981 0.900949 1.111765 0.850902 0.825448 1.195487 1.102199 1.151545 1.086526 
0.826381 1.197393 0.889448 0.883757 1.139648 1.036214 1.194361 1.034666 1.164095 1.224322 0.898414 1.150585 0.830537 1.203748 
1.094048 1.213701 0.897652 0.802731 1.023959 0.961206 0.872350 1.112321 0.850606 1.036187 1.104397 1.077323 0.904774 1.110583 1.069162 0.906516 0.984283 1.073006 0.803678 0.941186 0.898588 0.902228 0.901586 0.864401 1.069633 1.220098 0.986655 
0.875458 1.258133 0.968567 0.845471 1.160150 1.253338 1.153855 1.160135 1.191833 1.254346 1.216604 0.846735 1.027960 1.001014 1.217570 0.924859 1.009087 1.175966 1.151105 0.864891 
